390 60064092 390 61629287 60326490 59629354 60378810
788 11424178 788 13076203 12693052 12187004 11517756
1179 3849393 1179 3869537 4044414 4061399 4022817
1583 1915768 1583 1962747 1983786 1926767 1910737
1978 1084891 1978 1131882 1129891 1128984 1076619
2374 734081 2374 807217 759372 785405 796121
2768 613303 2768 632402 608427 613441 583485
3174 493405 3174 509655 497633 529897 495804
3575 436050 3574 426868 419722 431986 415607
3970 344838 3970 347214 336032 353306 345197
4367 279097 4368 291149 307841 288635 285330
4763 255301 4763 256341 245972 259535 259485
5160 225680 5160 243443 229079 208601 230122
5554 206722 5555 207501 203881 201048 218666
5952 201038 5952 193714 194649 188238 190508
6357 177794 6357 185483 190623 186225 180523
6754 172091 6754 170255 175899 178276 169321
7148 163211 7148 160011 154907 167897 156838
7546 156817 7547 157433 142335 146897 146664
7944 145766 7944 150877 151259 148633 141345
8341 132550 8341 140809 136867 131705 135732
8738 130327 8737 133902 131694 131266 128906
9130 126931 9129 129262 123518 119374 124632
9528 115627 9528 124452 128625 128525 117150
9922 117045 9922 114240 112758 119292 116702
10320 112952 10320 111886 119369 117955 118206
10711 112913 10712 119602 114283 117715 118368
11107 118221 11107 115812 117402 116279 116692
11503 119382 11503 117289 112312 115332 115919
11898 121097 11898 112781 110727 107747 106250
12291 114191 12290 112849 107244 113871 109720
12696 107023 12697 112647 110472 110084 103668
13090 111393 13089 113292 111134 106608 113149
13486 109856 13486 112221 112089 102666 106710
13878 104804 13878 105223 105914 108497 103067
14285 107718 14272 107612 104883 105929 108990
14670 103582 14670 102010 104035 103662 108541
15062 99144 15062 103518 108281 103412 103331
15457 102785 15456 106175 101243 101887 103159
15848 105583 15848 102949 107064 103832 112027
