0 0 0 0 0 0 0
1000 0 1000 0 0 0 0
1000 0 1000 0 0 0 0
1000 0 1000 0 0 0 0
1000 0 1000 0 0 0 0
1000 0 1000 0 0 0 0
1000 0 1000 0 0 0 0
1000 0 1000 0 0 0 0
1000 0 1000 0 0 0 0
1000 0 1000 0 0 0 0
1000 0 1000 0 0 0 0
1000 0 1000 0 0 0 0
1000 0 1000 0 0 0 0
1000 0 1000 0 0 0 0
1000 0 1000 0 0 0 0
1000 0 1000 0 0 0 0
1000 0 1000 0 0 0 0
1000 0 1000 0 0 0 0
1000 0 1000 0 0 0 0
1000 0 1000 0 0 0 0
1000 0 1000 0 0 0 0
1000 0 1000 0 0 0 0
1000 0 1000 1 0 0 0
1000 0 1000 0 0 0 0
1000 29 1000 31 32 40 28
1000 229 1000 209 217 207 216
1000 214 1000 191 221 208 217
1000 229 1000 202 196 219 221
1000 213 1000 211 209 199 193
1000 219 1000 230 231 237 246
1000 260 1000 253 251 253 269
1000 252 1000 244 232 226 245
1000 252 1000 253 248 268 219
1000 239 1000 254 256 234 259
1000 235 1000 256 233 236 237
1000 237 1000 256 246 249 257
1000 258 1000 242 235 234 260
1000 232 1000 234 259 255 216
1000 256 1000 224 217 241 272
1000 255 1000 254 234 252 233
1000 233 1000 243 245 237 259
1000 257 1000 258 241 237 232
1000 231 1000 224 243 246 221
1000 243 1000 229 257 245 272
1000 234 1000 262 231 237 267
1000 248 1000 241 237 250 240
1000 267 1000 241 251 241 249
1000 256 1000 240 230 263 216
1000 246 1000 230 243 276 239
1000 248 1000 261 258 255 239
1000 377 1000 411 357 390 391
1000 367 1000 410 407 378 361
1000 353 1000 375 353 401 406
1000 413 1000 380 407 369 397
1000 404 1000 381 400 396 374
1000 426 1000 426 434 433 444
1000 433 1000 427 411 424 442
1000 424 1000 403 397 401 453
1000 443 1000 443 421 411 391
1000 439 1000 443 443 450 418
1000 456 1000 440 425 415 465
1000 426 1000 428 419 398 443
1000 436 1000 428 436 430 443
1000 476 1000 416 424 424 445
1000 433 1000 435 436 417 433
1000 439 1000 466 410 435 427
1000 413 1000 440 430 404 412
1000 448 1000 420 453 402 437
1000 436 1000 405 430 421 408
1000 417 1000 428 444 448 460
1000 441 1000 422 405 442 457
1000 440 1000 453 429 426 449
1000 459 1000 410 397 431 415
1000 438 1000 416 416 427 431
1000 409 1000 434 436 433 432
1000 496 1000 484 516 482 545
1000 517 1000 530 529 535 531
1000 532 1000 502 506 529 513
1000 515 1000 499 519 537 504
1000 542 1000 560 540 527 530
1000 588 1000 580 552 549 558
1000 573 1000 538 564 563 562
1000 547 1000 547 573 584 578
1000 563 1000 567 552 578 564
1000 580 1000 551 551 567 566
1000 557 1000 554 573 556 574
1000 569 1000 557 574 556 575
1000 586 1000 569 605 582 566
1000 586 1000 553 590 564 558
1000 564 1000 580 579 554 565
1000 618 1000 578 567 588 568
1000 616 1000 548 582 562 561
1000 577 1000 572 554 551 587
1000 572 1000 546 575 544 577
1000 570 1000 559 577 591 591
1000 564 1000 577 574 586 575
1000 553 1000 574 569 541 559
1000 568 1000 580 570 585 568
1000 587 1000 535 571 559 579
1000 557 1000 582 579 577 571
1000 622 1000 614 618 645 611
1000 610 1000 632 640 625 627
1000 633 1000 632 617 620 626
1000 657 1000 627 657 647 651
1000 611 1000 594 620 632 651
1000 669 1000 664 671 659 644
1000 686 1000 670 677 668 671
1000 666 1000 665 676 683 642
1000 674 1000 681 671 650 675
1000 665 1000 673 677 660 679
1000 687 1000 667 680 651 729
1000 691 1000 671 686 668 669
1000 687 1000 672 682 688 681
1000 698 1000 684 675 685 670
1000 690 1000 683 681 654 669
1000 657 1000 682 669 653 659
1000 657 1000 644 702 635 673
1000 670 1000 686 685 694 684
1000 675 1000 654 689 664 689
1000 683 1000 679 689 698 676
1000 719 1000 677 654 673 688
1000 655 1000 695 681 706 719
1000 695 1000 675 679 689 682
1000 683 1000 677 672 686 693
1000 681 1000 662 675 669 666
1000 675 1000 685 687 689 680
1000 720 1000 723 710 688 706
1000 718 1000 727 716 712 712
1000 737 1000 683 707 737 693
1000 709 1000 727 736 732 705
1000 752 1000 730 741 742 734
1000 755 1000 755 732 738 759
1000 728 1000 731 741 741 756
1000 757 1000 748 755 754 737
1000 725 1000 758 746 745 729
1000 750 1000 736 744 736 739
1000 756 1000 762 754 769 769
1000 771 1000 753 772 752 728
1000 734 1000 752 740 762 749
1000 771 1000 771 766 734 768
1000 751 1000 739 775 767 748
1000 740 1000 752 754 753 755
1000 742 1000 774 780 750 742
1000 746 1000 765 741 760 788
1000 752 1000 757 749 760 767
1000 766 1000 752 740 757 765
1000 746 1000 788 763 776 745
1000 756 1000 748 747 738 762
1000 753 1000 763 739 768 786
1000 763 1000 739 739 747 766
1000 793 1000 774 752 770 770
1000 797 1000 767 780 764 794
1000 787 1000 794 783 780 779
1000 782 1000 771 793 786 785
1000 772 1000 775 782 786 804
1000 807 1000 812 810 795 821
1000 778 1000 817 815 790 828
1000 821 1000 815 797 809 809
1000 807 1000 809 786 791 811
1000 790 1000 807 827 802 802
1000 831 1000 793 798 796 787
1000 803 1000 816 819 800 802
1000 820 1000 790 812 820 822
1000 815 1000 823 795 823 823
1000 812 1000 824 789 816 798
1000 830 1000 829 802 806 811
1000 828 1000 831 822 804 808
1000 823 1000 812 824 839 817
1000 816 1000 833 815 822 804
1000 818 1000 819 815 807 827
1000 824 1000 821 823 811 809
1000 832 1000 812 829 810 826
1000 823 1000 808 826 814 802
1000 816 1000 796 821 819 816
1000 821 1000 817 817 812 822
1000 839 1000 810 822 846 813
1000 815 1000 803 817 801 823
1000 818 1000 833 831 823 853
1000 843 1000 825 846 807 826
1000 825 1000 828 823 837 825
1000 843 1000 854 845 844 842
1000 821 1000 872 850 839 842
1000 848 1000 845 854 840 851
1000 857 1000 860 855 859 857
1000 836 1000 839 836 850 834
1000 860 1000 861 878 862 853
1000 859 1000 854 850 852 852
1000 870 1000 872 844 839 861
1000 848 1000 869 849 872 850
1000 867 1000 846 847 843 836
1000 847 1000 868 847 860 863
1000 871 1000 862 857 864 847
1000 864 1000 875 881 858 882
1000 865 1000 860 853 855 856
1000 861 1000 882 873 871 865
1000 853 1000 871 871 860 866
1000 884 1000 871 837 859 846
1000 856 1000 883 848 844 859
1000 857 1000 866 864 853 865
1000 865 1000 879 859 846 850
1000 850 1000 850 868 876 864
1000 871 1000 880 870 873 874
1000 857 1000 860 894 869 872
1000 873 1000 878 867 863 871
1000 872 1000 870 854 876 871
1000 883 1000 849 890 873 872
1000 876 1000 893 891 880 897
1000 869 1000 893 879 898 894
1000 891 1000 878 881 879 907
1000 884 1000 875 895 880 883
1000 902 1000 877 889 879 866
1000 872 1000 898 902 900 898
1000 889 1000 881 892 889 892
1000 896 1000 909 876 899 899
1000 913 1000 897 887 872 910
1000 892 1000 898 891 877 886
1000 901 1000 915 905 906 889
1000 906 1000 896 901 900 899
1000 901 1000 898 895 894 912
1000 886 1000 884 889 882 905
1000 898 1000 894 905 897 883
1000 893 1000 883 887 915 898
1000 896 1000 886 892 901 882
1000 897 1000 900 897 889 900
1000 893 1000 891 901 892 888
1000 891 1000 903 894 885 901
1000 902 1000 911 900 896 894
1000 904 1000 909 898 909 901
1000 911 1000 907 922 871 911
1000 895 1000 910 909 894 902
1000 914 1000 895 893 925 910
1000 902 1000 906 917 918 906
1000 909 1000 884 904 922 874
1000 913 1000 903 918 920 901
1000 921 1000 901 907 914 912
1000 920 1000 925 914 935 902
1000 914 1000 918 908 919 929
1000 908 1000 918 920 928 929
1000 939 1000 921 913 921 925
1000 918 1000 921 916 908 917
1000 918 1000 929 916 926 935
1000 932 1000 936 916 923 903
1000 924 1000 930 911 909 921
1000 922 1000 917 926 920 912
1000 927 1000 933 927 926 920
1000 918 1000 922 912 916 925
1000 926 1000 921 937 912 920
1000 926 1000 937 926 928 928
1000 930 1000 916 926 934 908
1000 917 1000 928 901 901 939
1000 918 1000 929 921 917 918
1000 923 1000 932 930 913 913
1000 918 1000 928 915 917 925
1000 914 1000 928 923 921 915
1000 919 1000 920 936 926 925
1000 938 1000 934 925 924 924
1000 926 1000 933 947 929 939
1000 934 1000 938 939 939 920
1000 934 1000 949 938 935 932
1000 926 1000 920 933 944 935
1000 944 1000 932 934 930 932
1000 946 1000 944 936 927 943
1000 940 1000 938 934 938 945
1000 926 1000 937 933 927 945
1000 932 1000 927 934 919 951
1000 949 1000 942 941 933 943
1000 931 1000 936 927 933 937
1000 934 1000 949 950 942 937
1000 936 1000 939 936 927 937
1000 950 1000 941 938 939 931
1000 937 1000 939 945 936 947
1000 940 1000 951 941 939 929
1000 949 1000 947 944 941 934
1000 948 1000 949 955 929 946
1000 935 1000 962 934 941 949
1000 948 1000 939 924 937 941
1000 945 1000 934 939 941 945
1000 940 1000 935 948 934 932
1000 943 1000 953 946 938 936
1000 939 1000 935 940 951 938
1000 936 1000 950 938 933 928
1000 947 1000 953 947 932 953
1000 951 1000 950 946 940 936
1000 948 1000 950 949 952 943
1000 948 1000 949 952 961 954
1000 959 1000 948 941 953 949
1000 951 1000 962 952 960 953
1000 955 1000 957 948 942 948
1000 949 1000 946 951 955 956
1000 958 1000 956 958 947 948
1000 946 1000 947 955 950 959
1000 949 1000 945 943 955 957
1000 953 1000 961 967 968 953
1000 943 1000 951 954 953 956
1000 960 1000 952 958 951 954
1000 958 1000 951 956 950 951
1000 964 1000 965 956 950 954
1000 948 1000 952 949 959 952
1000 946 1000 948 950 947 951
1000 956 1000 957 946 951 955
