2 3 3 2 3 3 0
26 18 17 15 18 18 17
30 33 25 28 32 29 29
27 20 16 32 24 22 25
60 52 42 48 41 59 68
69 74 75 90 81 70 69
78 80 74 87 83 79 70
112 114 113 106 116 123 112
158 155 142 139 159 148 143
179 178 155 157 150 167 166
194 185 172 182 198 194 185
233 222 237 208 249 243 233
238 245 233 245 247 249 261
288 268 270 259 240 245 257
290 291 267 313 291 310 311
312 335 325 341 353 331 352
346 351 349 329 323 352 345
369 361 381 379 382 369 377
373 390 381 387 381 388 386
379 399 416 448 405 408 413
442 448 477 451 432 436 422
479 481 462 483 483 469 467
493 472 488 486 503 507 500
507 508 528 475 526 497 500
501 502 496 490 531 511 502
521 526 574 554 536 489 547
571 599 589 605 560 578 577
604 572 568 609 579 570 565
601 596 611 589 605 608 606
615 621 602 607 628 607 607
624 608 617 630 647 627 639
668 649 671 661 623 663 669
683 683 692 659 664 675 677
684 687 686 675 672 696 687
698 701 693 690 694 692 667
730 699 707 721 675 713 722
727 702 727 724 729 730 728
739 762 752 726 743 741 744
766 750 752 748 775 762 762
784 750 771 771 757 738 780
762 782 758 763 795 757 769
763 779 769 787 795 758 764
789 788 801 789 782 776 785
795 809 811 818 776 794 793
793 797 806 808 809 834 797
828 813 825 819 813 797 820
821 829 834 830 841 811 809
831 846 819 834 844 816 856
863 846 859 860 845 838 835
878 856 881 846 858 848 860
871 886 865 853 852 863 879
872 875 864 864 866 862 880
868 879 852 874 849 874 869
888 885 883 882 872 889 877
889 881 884 885 884 891 884
888 907 885 888 876 897 885
913 913 894 890 906 903 892
920 888 902 914 898 900 909
925 902 906 895 898 911 905
930 909 917 916 914 909 912
909 926 920 928 917 916 913
920 916 941 912 914 908 912
931 915 923 935 938 919 926
925 921 925 918 927 925 929
929 921 945 928 930 947 931
931 937 944 943 940 928 932
946 941 927 930 928 951 936
937 939 948 959 940 946 948
939 944 950 941 948 950 944
953 950 936 947 945 955 955
962 951 944 952 960 962 945
942 950 957 955 966 954 957
952 971 971 963 962 963 955
963 959 948 961 961 958 966
955 959 964 968 957 972 957
962 961 957 958 965 963 961
964 967 954 960 962 966 965
970 973 970 974 962 966 967
967 975 952 968 972 958 961
968 982 968 977 960 972 971
977 975 977 975 973 973 975
976 981 977 980 976 976 976
975 977 966 974 979 973 966
976 972 982 978 984 974 981
981 978 962 971 979 977 980
974 985 981 980 975 982 977
972 982 978 980 978 973 977
982 973 979 981 979 981 977
984 982 980 981 984 974 983
984 977 977 989 984 987 987
979 985 983 980 986 983 982
990 979 983 985 984 978 981
988 985 983 989 987 989 988
989 994 983 981 982 984 986
989 984 987 987 990 984 993
985 993 987 981 985 996 991
989 992 986 986 985 986 988
995 991 985 986 989 992 987
991 989 983 990 991 991 993
990 991 984 986 990 989 987
992 992 993 990 996 990 988
990 989 995 995 982 998 992
995 989 995 995 989 994 993
995 991 991 995 990 995 997
990 996 993 994 993 989 995
995 985 995 994 997 992 997
992 997 996 989 993 996 994
995 996 988 993 994 997 993
990 991 992 994 990 993 995
992 994 991 996 998 990 995
991 998 995 997 999 999 997
994 992 995 991 998 996 994
997 996 995 997 990 994 992
998 997 997 994 993 993 990
997 998 1000 997 997 995 994
996 993 997 998 996 998 996
996 996 999 998 999 996 996
997 997 997 993 998 997 995
995 999 993 994 999 998 997
998 996 995 999 995 996 995
994 998 997 999 997 996 998
997 996 997 996 998 995 993
998 998 999 996 996 997 1000
998 998 1000 998 999 999 998
999 998 996 999 996 1000 996
999 1000 999 995 997 999 998
997 1000 998 1000 997 997 999
1000 999 998 999 1000 996 998
1000 998 997 998 998 998 999
998 997 1000 1000 997 1000 996
997 998 1000 1000 999 999 998
996 997 998 999 999 997 1000
1000 999 999 998 998 998 998
999 998 998 998 1000 998 1000
999 999 1000 999 999 998 999
998 1000 998 998 1000 1000 1000
997 999 1000 1000 998 1000 998
999 999 999 1000 998 999 999
999 998 1000 999 1000 998 996
999 1000 1000 1000 1000 999 1000
998 999 1000 999 1000 1000 1000
999 1000 1000 999 999 999 999
1000 999 1000 998 1000 999 998
1000 998 1000 1000 1000 1000 999
1000 1000 1000 999 998 997 999
999 999 999 999 1000 1000 998
1000 1000 999 999 1000 1000 1000
999 1000 999 998 999 1000 1000
999 999 999 999 999 1000 1000
1000 1000 999 999 1000 999 1000
1000 1000 998 1000 999 1000 1000
1000 1000 1000 999 1000 1000 1000
998 999 1000 998 1000 999 997
1000 998 1000 1000 1000 1000 1000
999 999 1000 1000 1000 999 1000
999 1000 1000 1000 1000 1000 1000
998 1000 1000 1000 1000 998 1000
1000 999 1000 1000 1000 1000 1000
1000 999 1000 1000 1000 1000 1000
1000 1000 999 1000 1000 998 1000
1000 999 1000 1000 999 1000 1000
1000 1000 999 1000 1000 1000 1000
1000 1000 1000 1000 1000 1000 1000
999 1000 999 1000 1000 1000 1000
1000 1000 1000 1000 1000 1000 1000
1000 1000 1000 1000 999 1000 1000
1000 1000 1000 1000 1000 1000 999
1000 1000 1000 1000 1000 999 1000
1000 1000 999 1000 1000 1000 1000
1000 1000 1000 999 1000 1000 999
1000 1000 1000 999 1000 1000 1000
1000 1000 1000 1000 1000 1000 999
1000 1000 999 1000 1000 1000 999
1000 1000 1000 1000 1000 1000 1000
1000 1000 1000 1000 1000 1000 1000
999 1000 1000 999 1000 1000 1000
1000 1000 1000 1000 1000 1000 1000
1000 1000 1000 1000 1000 1000 1000
1000 999 1000 1000 1000 1000 1000
1000 1000 1000 1000 1000 1000 1000
1000 1000 1000 1000 1000 1000 1000
1000 1000 1000 1000 1000 1000 1000
1000 1000 1000 1000 1000 1000 1000
1000 1000 999 1000 1000 1000 1000
1000 1000 1000 1000 1000 999 1000
1000 1000 1000 1000 1000 1000 1000
1000 1000 1000 1000 1000 1000 1000
1000 1000 1000 1000 1000 1000 1000
1000 1000 1000 1000 1000 1000 1000
1000 1000 1000 1000 1000 1000 1000
999 1000 1000 1000 1000 1000 1000
1000 1000 999 1000 1000 1000 1000
1000 1000 1000 1000 1000 1000 1000
1000 1000 1000 1000 1000 1000 1000
1000 999 1000 1000 1000 1000 1000
1000 1000 1000 1000 1000 1000 1000
1000 1000 1000 1000 1000 1000 1000
1000 1000 1000 1000 1000 1000 1000
1000 1000 1000 1000 1000 1000 1000
1000 1000 1000 1000 1000 1000 999
