524724 521590 524129 531486 520288 525006 523540
289232 290904 289709 288799 290477 290580 291142
214061 212157 213512 213465 212743 213922 213012
177576 177409 178170 178069 177997 177900 178183
159612 160075 159431 159664 160684 161224 159745
153829 154192 154003 154326 153488 154206 154221
155094 154679 155374 154927 155916 155062 155050
161478 160405 160476 160496 163224 162509 159981
167855 167580 168841 166943 170533 171533 168039
175973 173696 175642 175882 177919 177477 174733
183662 185392 184891 184487 184883 188836 184310
194525 195274 195740 196504 199128 200194 194065
209320 209557 210638 208688 218235 216505 209589
228230 227054 227798 226827 235883 235156 227678
252337 250708 248979 250748 259810 258187 251726
274015 271184 274174 274747 286029 284292 273209
299375 303570 302947 301047 312551 310772 300398
323006 326162 328342 325730 340837 343366 326432
354843 350180 352886 354676 373400 370106 351033
377414 376456 380857 380369 405221 402261 377387
406916 408836 408726 409078 436138 434725 407812
433704 437295 438534 435030 470145 468851 434421
465876 465079 466204 465848 511468 504699 471429
506943 502779 503347 499286 552126 552478 503723
535438 538200 540829 544210 595988 592309 540723
579512 583491 578831 584735 642517 643810 583210
626138 628937 629795 627648 695552 694271 625016
679378 668881 674132 671755 750220 758681 673215
708615 718503 721050 713350 802137 803412 720046
759361 760777 760219 761445 864029 866076 762579
799076 799876 799170 806451 919994 923226 798998
844078 843658 848314 843260 975880 969605 839551
879600 881431 882675 882930 1012385 1021119 871522
927834 920834 910019 914937 1065563 1074593 914288
947324 956327 950493 948294 1103419 1110296 945931
983371 984459 986730 987039 1161565 1161463 986609
1022282 1012793 1012280 1020960 1193430 1206681 1022567
1044820 1050483 1056230 1052182 1240613 1254276 1047835
1080976 1078468 1079524 1081880 1293176 1289871 1088289
1105382 1122139 1117104 1118383 1328136 1338220 1125944
