13702245 27247965 13523672 13678233 13662524 13603115 13764378
6916250 13861395 6857184 6941275 6866579 6922487 6867418
4565732 9251729 4646051 4592747 4619129 4590314 4621443
3466389 7057267 3477884 3539068 3510293 3505388 3492623
2806507 5631749 2869147 2851431 2853801 2806873 2849534
2406981 4754226 2392889 2386694 2413160 2401291 2408849
2085753 4138947 2050563 2077395 2111867 2104876 2088179
1856651 3669648 1851225 1879179 1867517 1886811 1872772
1698360 3371178 1695313 1708772 1701765 1688113 1702239
1574126 3068292 1569090 1580879 1576421 1581187 1575159
1478495 2885105 1478383 1463659 1464754 1463704 1467414
1371872 2723621 1390103 1382128 1392211 1374374 1378220
1316609 2586816 1314953 1296034 1312687 1326891 1315243
1260412 2489890 1266465 1247872 1267225 1267926 1272701
1230310 2390367 1222700 1227085 1208223 1227649 1220213
1194971 2314746 1203978 1202143 1191962 1193078 1196408
1149841 2273422 1159661 1158326 1178200 1165255 1166922
1146369 2207958 1146424 1142758 1143996 1137265 1153594
1134868 2202240 1128358 1127404 1138688 1123765 1139019
1115483 2149295 1115315 1115707 1125782 1114639 1120487
1120411 2140019 1121774 1098185 1114317 1117391 1131042
1115562 2116835 1117997 1122941 1125497 1107385 1123827
1128136 2121103 1113667 1125778 1116452 1110842 1118550
1118994 2133625 1116783 1129113 1109182 1118719 1122006
1124139 2136670 1125802 1127517 1128070 1128940 1132020
1144981 2154987 1139071 1136880 1135001 1140439 1143256
1152087 2199193 1152268 1162375 1159402 1157993 1160022
1175066 2195020 1166746 1173480 1165320 1163814 1173200
1177630 2230095 1179576 1182197 1199312 1185027 1176359
1210769 2268649 1206037 1204144 1202841 1199584 1202114
1226168 2277822 1222429 1222039 1220342 1220439 1213821
1249695 2333200 1250276 1251528 1245785 1234913 1243468
1260440 2376724 1272988 1272587 1267851 1264155 1277263
1296872 2404130 1293936 1296437 1306082 1300683 1303876
1330431 2450181 1321801 1310755 1332023 1324010 1316355
1340695 2494336 1332859 1356645 1359358 1353258 1355765
1385555 2560709 1380986 1376498 1380646 1373980 1375208
1410851 2605429 1389644 1418915 1407463 1408088 1410965
1434495 2664101 1438227 1433370 1447809 1453405 1450538
1456119 2697487 1462952 1467581 1466366 1483470 1480830
1506244 2779531 1495106 1509737 1502111 1514195 1506217
1533766 2858564 1530961 1550530 1533493 1529012 1535731
1576494 2895571 1570428 1560966 1553968 1579786 1568062
1622156 2949984 1606465 1594570 1611026 1589541 1602432
1655938 3054320 1639547 1631189 1627640 1642384 1634310
1689201 3106045 1681140 1687804 1693019 1670990 1679768
1705286 3143387 1698480 1717229 1698475 1712552 1729172
1756538 3214396 1754536 1764872 1744934 1763600 1761122
1802631 3272535 1789326 1788670 1803749 1798457 1799211
1813834 3353042 1835419 1843197 1850741 1825127 1848941
1877675 3405485 1873648 1863253 1880803 1895228 1880831
1910021 3506621 1927605 1897247 1902930 1911719 1903633
1934919 3578355 1925673 1954700 1935852 1938288 1948599
1971875 3635595 2008001 1987134 1983823 1997914 1982766
2036396 3716176 2022381 2043714 2011873 2024765 2046952
2062131 3749850 2070497 2057555 2082710 2055264 2078052
2113942 3840434 2101788 2120712 2114421 2110736 2110941
2165677 3920810 2116548 2158164 2153189 2152268 2153029
2174861 3990988 2181343 2200566 2199832 2199838 2188592
2216073 4048263 2233441 2220104 2226900 2196577 2214944
2264086 4143424 2271172 2254459 2270909 2274922 2274020
2325987 4194957 2310875 2305679 2295600 2295840 2311967
2339914 4287373 2374095 2326687 2336232 2357071 2378599
2368835 4303491 2391475 2388784 2383260 2386996 2392977
2411198 4389894 2410238 2413383 2415772 2435078 2422042
2472368 4483035 2474621 2477086 2464833 2459269 2458019
2485666 4565972 2526254 2480086 2499003 2494376 2515596
2551633 4621455 2555384 2548105 2547591 2565533 2560660
2587119 4687064 2564131 2578219 2563887 2590490 2606777
2654392 4730162 2629047 2625813 2640243 2639847 2626901
2662142 4840984 2637537 2677693 2669614 2643072 2655424
2692772 4901171 2691983 2693517 2701007 2696144 2686783
2732941 4943731 2728252 2735339 2725344 2753124 2762090
2782637 5005045 2776969 2749952 2786685 2813648 2782454
2802604 5123212 2818446 2788689 2790109 2786260 2828106
2838470 5162944 2882060 2836847 2837312 2840489 2835781
2867166 5249059 2890007 2895711 2884879 2877456 2872542
2922172 5246468 2913337 2944346 2925407 2932432 2925784
2947046 5350603 2936933 2959830 2934103 2947041 2958433
2987474 5394734 2993317 2962344 3014588 3011216 3004965
3034928 5465990 3011660 3029437 3027849 3035811 3058409
3062297 5616299 3088007 3073581 3071265 3060420 3080847
3097887 5606185 3131171 3077775 3100428 3107667 3118592
3154762 5706078 3171361 3142031 3131339 3152478 3138037
3168991 5735648 3165794 3168442 3164979 3191906 3162906
3195336 5857209 3199101 3219422 3259958 3215136 3212341
3234642 5904115 3219100 3247014 3252089 3279018 3261675
3281239 5914880 3312776 3265076 3257099 3217167 3293785
3309014 5971761 3295412 3301626 3330698 3340055 3292851
3371858 6064006 3343088 3378143 3361162 3331059 3380817
3400669 6114762 3403525 3382289 3383462 3377263 3401536
3423415 6150132 3406520 3425786 3399194 3414891 3432631
3454740 6211813 3496754 3436750 3489087 3449276 3484478
3466740 6315226 3467418 3468506 3483174 3469970 3512999
3516614 6363211 3563234 3507760 3547779 3541189 3521441
3563500 6377652 3563526 3569462 3533214 3557211 3562146
3624103 6501267 3586037 3598957 3626451 3597473 3581213
3613931 6550387 3668195 3646804 3597811 3628250 3600077
3688966 6574758 3680830 3641035 3657386 3629280 3639157
3692021 6675003 3694952 3686135 3703772 3682246 3679792
