19 20 18 25 17 25 16
33 28 45 41 30 37 33
68 34 55 56 58 51 54
82 50 69 96 66 88 79
77 49 85 94 92 92 85
84 70 93 100 88 108 107
106 69 111 133 120 116 122
140 75 131 128 114 137 125
123 87 137 152 156 139 148
176 106 161 141 173 139 136
173 117 166 147 169 167 174
160 108 161 184 177 142 187
184 114 169 199 149 209 184
198 114 181 181 208 181 194
179 121 223 182 199 197 226
201 136 188 222 230 192 196
236 169 203 236 231 209 237
253 159 240 222 233 265 251
218 166 230 251 215 256 242
241 150 238 284 255 243 260
265 167 273 266 253 262 245
260 172 267 250 243 278 270
268 170 290 269 298 304 284
301 196 287 301 275 307 307
305 185 287 285 297 294 315
315 195 302 311 287 277 276
315 209 332 281 312 299 291
325 193 325 329 341 339 308
318 219 315 307 335 338 307
351 229 315 364 323 308 316
346 245 357 343 326 339 346
352 228 370 337 349 339 350
344 221 354 362 351 356 373
356 268 365 362 348 380 349
379 269 363 363 378 364 402
379 234 359 373 368 360 364
412 267 378 361 384 392 371
373 258 369 405 413 388 386
404 278 403 388 404 398 357
406 293 398 415 400 399 391
399 270 391 416 392 410 394
419 282 400 439 422 415 411
433 297 410 434 434 423 419
424 266 408 400 417 438 420
406 269 400 418 450 410 448
460 279 444 421 445 410 437
423 300 412 409 432 438 446
462 335 443 442 459 425 446
429 308 428 466 456 468 461
457 308 440 464 421 456 441
462 306 447 439 476 452 489
471 339 455 466 442 462 460
443 316 477 456 480 468 465
447 319 463 525 510 471 474
471 337 478 466 457 478 487
477 334 474 516 500 504 468
516 317 497 496 487 507 498
472 339 478 489 503 505 531
515 334 498 502 514 502 487
507 379 519 518 503 535 510
506 380 507 522 543 526 512
524 365 535 539 504 517 512
524 349 486 534 518 552 511
540 353 526 516 533 511 547
531 365 495 507 531 524 494
516 396 525 528 550 516 505
527 383 539 534 545 542 529
541 390 525 514 528 541 491
539 376 544 534 536 539 579
535 362 569 509 547 566 553
571 397 515 553 515 562 554
538 392 532 539 582 553 588
582 408 541 564 562 565 558
560 380 562 565 565 558 549
547 418 551 572 568 564 581
579 396 571 566 589 558 554
564 412 581 557 580 581 548
599 403 576 566 577 544 606
566 443 559 592 596 563 577
619 414 592 595 581 597 615
548 409 586 609 577 601 577
598 442 581 575 569 587 610
584 426 583 571 586 582 593
593 425 592 604 603 589 592
604 423 580 620 630 606 588
594 452 617 598 601 577 645
616 436 613 599 613 595 591
645 421 623 623 616 606 597
615 458 613 623 601 599 601
653 458 629 612 616 621 624
631 471 626 640 616 599 641
620 458 630 646 618 619 625
599 456 646 615 616 620 604
623 483 637 646 627 616 601
639 450 635 638 637 667 612
614 466 650 621 635 630 633
646 453 642 652 623 625 618
614 491 638 626 632 654 627
657 465 667 657 651 628 649
681 486 676 655 635 628 638
653 470 661 655 668 636 634
660 480 646 648 674 647 637
668 506 674 657 666 651 650
663 513 655 653 677 669 686
653 512 652 637 662 667 654
655 499 648 669 661 663 655
655 458 666 662 642 663 679
674 482 685 653 657 695 652
680 470 685 666 704 686 696
653 502 667 658 685 697 671
678 491 669 651 685 661 660
689 503 685 679 676 650 673
682 520 689 712 700 668 672
670 515 678 682 694 676 701
705 517 705 680 676 689 689
662 527 652 685 669 703 675
669 493 694 699 709 679 664
659 524 689 716 706 668 686
707 527 699 732 692 679 705
701 536 694 718 688 695 687
699 530 723 682 720 676 706
708 533 706 713 687 705 687
704 554 697 704 721 708 696
705 523 717 704 718 701 693
713 519 708 711 703 691 700
688 532 706 697 711 713 727
719 513 726 738 706 715 720
720 555 702 714 693 689 710
706 525 717 719 722 682 725
722 557 711 712 708 720 713
704 563 713 728 734 716 725
718 554 737 719 709 711 692
739 570 716 736 734 722 742
725 565 751 718 728 718 722
723 519 702 744 733 725 733
756 555 732 738 723 718 736
732 591 745 750 747 692 749
752 559 750 726 739 723 744
745 552 738 735 723 750 752
724 587 726 719 728 741 744
741 563 730 714 726 749 753
753 574 753 753 759 737 730
759 576 735 732 736 759 755
737 574 744 722 747 774 764
740 553 765 755 767 759 739
751 590 743 747 744 727 748
765 584 785 761 758 773 767
762 552 743 760 755 743 771
755 559 776 749 747 753 769
759 566 753 772 760 745 768
753 576 754 752 783 760 763
760 597 763 767 765 766 766
772 568 763 775 757 768 769
788 576 762 725 761 771 766
759 593 784 773 784 787 791
745 601 786 802 769 767 781
751 610 768 766 772 764 736
767 603 768 776 777 770 762
763 589 777 776 761 764 761
776 610 792 781 783 760 774
772 613 790 764 774 786 786
771 568 788 784 800 773 783
776 600 781 799 775 804 784
768 600 753 784 794 779 773
786 615 774 798 780 788 807
774 629 771 761 774 803 766
778 591 786 786 774 776 780
776 620 796 790 783 778 777
786 593 774 790 775 789 795
811 591 760 819 797 775 792
793 612 797 781 791 797 798
789 634 769 792 791 807 803
810 640 803 793 776 774 788
782 629 781 801 816 778 809
783 630 797 794 808 803 791
801 647 805 788 794 788 781
807 625 797 814 804 791 817
806 613 803 808 816 807 806
798 616 799 789 795 791 808
790 652 774 784 818 815 791
811 645 816 797 809 818 815
792 681 812 798 824 813 836
801 631 801 807 816 822 826
804 630 812 814 791 830 812
808 645 819 811 808 802 822
797 624 822 825 840 806 826
819 637 831 794 834 808 815
800 679 789 808 808 806 817
806 644 812 815 782 799 839
795 651 838 829 820 803 807
823 662 840 809 823 798 824
808 627 814 817 827 816 820
798 638 816 845 830 831 820
842 662 831 822 815 812 808
813 653 833 819 821 821 821
826 652 848 827 838 827 823
824 628 817 837 824 848 843
839 629 815 821 806 839 834
840 676 834 824 804 808 822
833 655 836 840 821 836 846
846 689 832 855 848 822 840
830 669 826 829 837 827 841
831 684 812 854 823 831 808
823 665 825 852 836 838 820
842 661 822 848 839 850 830
836 687 835 823 836 827 841
839 676 839 820 857 825 834
861 668 852 854 852 822 853
839 681 858 807 848 856 865
841 704 844 830 830 843 851
844 661 825 838 828 863 838
852 680 853 834 834 852 859
837 684 838 857 832 849 847
836 660 840 845 853 849 852
844 685 869 856 841 825 847
851 691 825 843 853 840 861
843 680 852 847 848 859 845
845 679 852 861 845 866 867
835 721 849 863 850 870 854
847 707 852 856 866 850 829
848 692 844 842 852 870 877
850 704 852 854 869 863 878
860 690 844 863 860 849 855
848 710 859 850 869 857 882
845 691 853 856 868 862 854
850 691 882 890 874 884 867
871 665 881 857 862 861 862
874 693 845 844 865 864 859
874 708 868 880 853 842 859
863 690 854 863 863 841 848
853 674 862 870 881 862 862
866 699 850 845 880 879 859
872 709 861 856 859 843 855
868 710 872 860 859 878 864
875 702 867 841 874 870 863
882 703 869 872 881 876 858
852 742 874 875 872 877 871
846 701 877 867 859 859 871
872 703 862 845 877 868 870
875 725 851 877 871 864 855
900 725 876 862 865 864 880
859 728 875 875 855 898 851
894 707 888 858 860 853 875
870 735 869 868 878 886 865
885 738 859 876 886 871 893
886 725 884 854 874 877 879
886 725 873 884 870 874 870
866 738 898 878 868 866 876
887 752 871 888 877 861 863
887 743 872 875 881 874 869
882 706 879 886 877 871 881
880 737 860 883 874 872 893
882 731 874 874 881 879 880
881 713 889 889 871 897 875
887 710 896 888 899 895 890
888 727 877 889 876 882 890
889 715 880 884 897 890 893
880 734 882 888 924 895 903
890 725 887 878 885 885 880
881 718 884 894 885 876 870
882 712 887 883 883 890 866
876 769 903 901 893 884 885
903 718 880 892 889 879 896
891 743 897 911 879 887 881
888 753 886 906 902 905 889
877 759 883 887 858 892 883
875 742 881 883 874 899 900
897 740 892 892 896 893 894
893 758 877 890 887 904 894
888 744 888 901 868 889 897
893 740 903 891 886 895 889
892 753 889 912 905 897 896
891 727 919 911 880 897 882
880 755 897 911 901 916 901
886 735 897 889 911 904 880
888 732 875 900 900 888 897
891 745 891 889 903 904 888
897 751 908 896 897 923 905
895 754 895 890 899 910 898
885 766 907 910 921 907 905
895 755 901 902 910 885 902
896 762 882 918 910 899 896
888 777 897 919 887 898 911
909 770 909 894 902 905 907
891 747 899 909 916 899 893
909 767 909 911 916 912 904
913 764 914 898 902 904 894
887 748 900 921 910 884 905
907 764 902 910 915 900 895
904 771 907 907 899 912 899
918 790 895 913 906 912 909
909 770 912 911 913 908 920
919 772 915 921 896 923 909
936 780 914 906 908 912 912
909 766 920 909 916 918 923
914 786 926 912 911 916 915
924 769 915 902 917 916 920
923 777 905 906 920 919 919
917 770 925 927 917 917 912
906 735 914 916 898 916 923
925 778 911 908 917 924 916
913 779 916 915 911 919 907
913 771 921 904 908 915 922
920 759 911 902 926 925 927
919 784 906 903 918 907 910
904 778 932 916 910 916 908
917 778 908 925 924 922 923
897 794 920 918 901 917 923
923 778 917 922 923 913 924
918 769 930 918 922 904 913
913 767 909 914 924 920 922
927 789 913 915 911 931 909
912 793 925 934 918 923 914
930 777 917 924 906 914 924
909 782 935 934 915 924 936
914 809 934 927 928 924 920
921 781 927 943 920 914 918
926 761 922 923 917 934 927
917 764 920 909 921 923 921
912 796 921 936 931 922 926
918 782 929 925 947 908 935
926 791 933 922 933 928 915
927 768 931 943 917 921 937
916 805 929 927 918 928 923
927 790 938 941 930 926 937
929 799 920 938 930 933 932
933 801 940 939 932 924 934
929 772 918 919 923 930 935
917 790 919 928 912 935 933
930 828 935 917 924 919 928
927 794 927 920 918 934 938
924 788 927 931 927 923 935
919 810 930 930 917 934 930
944 818 922 926 922 931 924
923 770 937 929 928 924 937
920 798 936 927 926 939 942
930 788 928 922 927 933 931
933 803 939 933 917 945 931
935 811 924 941 942 922 926
928 812 943 932 921 925 943
936 789 937 937 938 924 934
937 801 933 926 935 936 936
932 827 952 938 946 932 924
947 811 924 946 934 941 944
930 798 933 932 934 936 929
937 804 943 942 937 921 930
944 805 949 933 948 943 932
932 823 938 930 937 939 953
947 806 932 930 917 941 925
945 821 934 936 929 943 934
941 828 945 937 921 932 938
925 813 947 940 928 933 930
955 807 947 942 943 928 934
938 807 949 937 930 946 913
931 830 930 941 936 932 946
935 810 935 943 941 942 937
925 808 939 925 934 948 941
943 822 942 946 938 940 931
930 819 922 938 953 939 942
939 829 935 960 950 945 930
941 833 936 948 939 928 933
940 821 943 939 941 950 934
930 814 935 934 927 942 951
942 805 944 945 951 937 954
936 816 933 937 949 942 944
950 845 943 954 938 946 952
937 822 946 935 952 939 937
940 828 944 949 937 937 947
957 803 936 944 942 939 938
946 832 947 957 941 944 944
941 833 945 949 953 947 952
952 836 944 938 931 938 942
949 830 945 947 949 956 956
940 826 948 959 930 937 931
950 818 951 941 954 934 945
947 831 955 945 948 932 954
939 837 953 948 945 945 960
947 837 944 944 939 945 945
954 830 953 941 949 961 948
939 854 946 957 952 963 960
944 840 944 952 942 949 965
945 855 945 944 937 946 946
951 835 964 951 948 945 956
944 840 955 940 957 938 956
957 827 944 960 953 950 954
956 837 954 954 959 955 961
941 835 944 961 940 950 954
936 833 963 951 943 964 947
949 841 961 951 950 944 964
945 851 960 943 959 950 955
957 841 955 948 946 959 957
946 817 945 949 961 951 947
955 854 933 944 967 953 950
952 834 953 945 954 951 954
952 854 957 946 953 956 947
954 853 953 955 951 941 945
954 844 961 963 957 945 957
937 840 955 954 956 955 956
959 863 954 962 954 947 960
951 837 954 950 946 967 954
959 846 956 961 957 951 946
955 843 949 950 954 953 961
955 846 955 940 955 956 954
961 827 960 950 961 943 953
950 849 957 956 948 956 954
958 860 964 957 952 958 958
959 855 970 951 948 965 967
962 846 956 963 954 958 968
955 841 963 955 945 960 960
954 848 955 962 943 967 968
962 867 953 960 960 960 957
952 844 956 952 953 963 959
955 866 951 963 955 962 967
966 863 961 958 959 960 953
950 865 952 957 949 956 974
952 869 960 952 951 964 956
966 851 959 952 961 956 953
957 861 964 957 967 951 950
965 849 970 968 962 960 949
968 839 961 965 969 963 954
959 854 954 958 959 951 966
958 858 969 954 957 958 962
967 842 970 967 954 968 958
961 851 958 963 971 969 970
965 842 969 959 950 966 957
960 879 967 965 954 957 971
949 845 955 952 960 965 965
969 847 971 963 963 962 952
960 860 952 959 971 970 963
967 846 958 960 961 962 961
963 851 956 960 963 967 960
963 860 957 956 958 962 962
951 861 971 953 968 964 964
967 875 966 961 967 957 959
961 859 962 959 968 967 968
956 878 974 959 976 961 964
972 865 976 956 962 970 961
958 849 960 961 961 966 961
959 863 964 965 960 962 974
964 864 975 959 965 965 961
957 879 976 968 969 964 963
972 861 967 960 961 968 968
979 859 964 968 971 961 971
961 874 967 958 961 956 970
967 882 951 967 974 961 959
966 853 967 974 959 972 971
972 870 970 960 972 965 967
978 867 970 966 965 977 962
960 887 964 966 961 975 972
963 869 950 971 975 965 970
968 872 960 969 961 972 971
957 858 965 955 971 969 968
974 848 972 969 963 952 975
969 857 965 969 966 975 967
963 858 972 967 964 973 975
966 886 973 974 964 966 971
978 871 968 968 960 972 965
981 852 973 962 968 978 969
969 884 967 964 968 965 975
968 856 971 973 966 966 969
958 875 979 964 973 969 977
972 866 971 971 971 963 975
965 864 961 970 969 977 973
960 864 965 965 979 976 973
974 885 968 964 970 961 962
968 854 966 970 972 968 964
974 868 967 979 969 966 966
973 883 970 973 976 973 968
979 878 966 970 976 980 965
960 866 981 978 976 973 980
961 882 965 966 979 972 968
977 880 958 962 977 970 966
970 891 974 971 975 969 965
974 875 959 972 967 967 974
968 875 967 971 970 967 975
976 864 958 968 961 968 972
971 892 973 980 969 966 972
977 886 970 963 969 983 981
975 870 966 973 972 966 975
969 874 970 960 982 970 974
975 876 965 976 965 970 964
973 878 971 976 980 971 967
973 900 970 970 973 964 972
969 880 968 982 978 980 975
976 878 974 978 979 970 980
970 878 969 969 964 977 972
978 895 975 974 966 974 969
975 899 979 970 975 971 973
988 895 973 975 969 978 980
975 887 972 974 971 973 974
967 894 987 987 977 976 975
973 889 971 968 974 977 971
979 885 967 979 977 964 973
978 892 976 973 980 970 972
980 874 974 971 975 945 981
978 884 977 982 971 977 974
972 891 972 978 984 978 980
973 897 981 976 981 979 979
973 906 972 974 977 977 973
974 903 970 976 984 971 981
