995 5 0 0 0 0 0 0 0 995 5 0 0 0 0 0 0 0 993 7 0 0 0 0 0 0 0 994 6 0 0 0 0 0 0 0 995 5 0 0 0 0 0 0 0 993 7 0 0 0 0 0 0 0 999 1 0 0 0 0 0 0 0
957 43 0 0 0 0 0 0 0 970 29 1 0 0 0 0 0 0 972 28 0 0 0 0 0 0 0 968 32 0 0 0 0 0 0 0 963 37 0 0 0 0 0 0 0 960 40 0 0 0 0 0 0 0 969 30 1 0 0 0 0 0 0
954 45 1 0 0 0 0 0 0 940 59 1 0 0 0 0 0 0 960 40 0 0 0 0 0 0 0 948 49 3 0 0 0 0 0 0 933 66 1 0 0 0 0 0 0 954 46 0 0 0 0 0 0 0 953 46 1 0 0 0 0 0 0
954 46 0 0 0 0 0 0 0 955 44 1 0 0 0 0 0 0 957 42 1 0 0 0 0 0 0 939 60 1 0 0 0 0 0 0 955 45 0 0 0 0 0 0 0 954 46 0 0 0 0 0 0 0 955 44 1 0 0 0 0 0 0
888 110 2 0 0 0 0 0 0 887 110 3 0 0 0 0 0 0 908 90 2 0 0 0 0 0 0 907 87 6 0 0 0 0 0 0 898 99 3 0 0 0 0 0 0 899 99 2 0 0 0 0 0 0 891 104 5 0 0 0 0 0 0
870 122 8 0 0 0 0 0 0 860 136 4 0 0 0 0 0 0 862 133 5 0 0 0 0 0 0 837 157 6 0 0 0 0 0 0 854 142 4 0 0 0 0 0 0 864 129 7 0 0 0 0 0 0 855 138 7 0 0 0 0 0 0
843 153 4 0 0 0 0 0 0 841 152 7 0 0 0 0 0 0 847 149 4 0 0 0 0 0 0 848 145 7 0 0 0 0 0 0 845 147 8 0 0 0 0 0 0 855 138 7 0 0 0 0 0 0 858 136 6 0 0 0 0 0 0
791 193 16 0 0 0 0 0 0 796 186 18 0 0 0 0 0 0 775 210 15 0 0 0 0 0 0 805 179 16 0 0 0 0 0 0 791 194 15 0 0 0 0 0 0 774 210 16 0 0 0 0 0 0 778 211 11 0 0 0 0 0 0
740 236 24 0 0 0 0 0 0 700 267 33 0 0 0 0 0 0 732 247 21 0 0 0 0 0 0 732 252 16 0 0 0 0 0 0 733 244 23 0 0 0 0 0 0 735 242 23 0 0 0 0 0 0 736 241 23 0 0 0 0 0 0
689 277 34 0 0 0 0 0 0 699 265 36 0 0 0 0 0 0 704 269 27 0 0 0 0 0 0 711 259 30 0 0 0 0 0 0 728 246 26 0 0 0 0 0 0 698 274 28 0 0 0 0 0 0 683 289 28 0 0 0 0 0 0
667 297 36 0 0 0 0 0 0 663 308 29 0 0 0 0 0 0 673 291 36 0 0 0 0 0 0 667 289 44 0 0 0 0 0 0 646 320 34 0 0 0 0 0 0 665 289 46 0 0 0 0 0 0 667 286 47 0 0 0 0 0 0
590 350 60 0 0 0 0 0 0 613 329 58 0 0 0 0 0 0 584 357 59 0 0 0 0 0 0 630 317 53 0 0 0 0 0 0 575 360 65 0 0 0 0 0 0 592 363 45 0 0 0 0 0 0 596 343 61 0 0 0 0 0 0
592 360 48 0 0 0 0 0 0 581 361 58 0 0 0 0 0 0 588 356 56 0 0 0 0 0 0 575 346 79 0 0 0 0 0 0 594 340 66 0 0 0 0 0 0 563 366 71 0 0 0 0 0 0 553 375 72 0 0 0 0 0 0
534 392 74 0 0 0 0 0 0 546 376 78 0 0 0 0 0 0 523 405 72 0 0 0 0 0 0 542 392 66 0 0 0 0 0 0 562 384 54 0 0 0 0 0 0 561 370 69 0 0 0 0 0 0 545 389 66 0 0 0 0 0 0
507 404 89 0 0 0 0 0 0 507 393 100 0 0 0 0 0 0 525 379 96 0 0 0 0 0 0 462 442 96 0 0 0 0 0 0 508 410 82 0 0 0 0 0 0 504 407 89 0 0 0 0 0 0 484 396 120 0 0 0 0 0 0
464 418 118 0 0 0 0 0 0 449 420 131 0 0 0 0 0 0 448 450 102 0 0 0 0 0 0 437 455 108 0 0 0 0 0 0 420 455 125 0 0 0 0 0 0 445 437 118 0 0 0 0 0 0 443 444 113 0 0 0 0 0 0
437 437 126 0 0 0 0 0 0 452 423 125 0 0 0 0 0 0 439 443 118 0 0 0 0 0 0 439 465 96 0 0 0 0 0 0 441 454 105 0 0 0 0 0 0 437 436 127 0 0 0 0 0 0 441 443 116 0 0 0 0 0 0
399 459 142 0 0 0 0 0 0 407 453 140 0 0 0 0 0 0 403 457 140 0 0 0 0 0 0 389 467 144 0 0 0 0 0 0 375 478 147 0 0 0 0 0 0 394 473 133 0 0 0 0 0 0 373 489 138 0 0 0 0 0 0
393 461 146 0 0 0 0 0 0 365 483 152 0 0 0 0 0 0 380 483 137 0 0 0 0 0 0 364 495 141 0 0 0 0 0 0 359 510 131 0 0 0 0 0 0 374 471 155 0 0 0 0 0 0 383 474 143 0 0 0 0 0 0
362 486 152 0 0 0 0 0 0 369 471 160 0 0 0 0 0 0 358 451 191 0 0 0 0 0 0 328 489 183 0 0 0 0 0 0 347 483 170 0 0 0 0 0 0 341 503 156 0 0 0 0 0 0 338 483 179 0 0 0 0 0 0
318 493 189 0 0 0 0 0 0 290 515 195 0 0 0 0 0 0 301 487 212 0 0 0 0 0 0 304 491 205 0 0 0 0 0 0 334 482 184 0 0 0 0 0 0 321 487 192 0 0 0 0 0 0 334 461 205 0 0 0 0 0 0
291 493 216 0 0 0 0 0 0 286 468 246 0 0 0 0 0 0 288 509 203 0 0 0 0 0 0 255 513 232 0 0 0 0 0 0 265 532 203 0 0 0 0 0 0 287 495 218 0 0 0 0 0 0 281 475 244 0 0 0 0 0 0
285 482 233 0 0 0 0 0 0 273 498 229 0 0 0 0 0 0 264 509 227 0 0 0 0 0 0 258 509 233 0 0 0 0 0 0 251 505 244 0 0 0 0 0 0 252 501 247 0 0 0 0 0 0 249 503 248 0 0 0 0 0 0
249 491 260 0 0 0 0 0 0 242 484 274 0 0 0 0 0 0 237 494 269 0 0 0 0 0 0 261 474 265 0 0 0 0 0 0 237 502 261 0 0 0 0 0 0 229 514 257 0 0 0 0 0 0 260 471 269 0 0 0 0 0 0
255 478 267 0 0 0 0 0 0 241 521 238 0 0 0 0 0 0 252 462 286 0 0 0 0 0 0 252 484 264 0 0 0 0 0 0 223 520 257 0 0 0 0 0 0 257 484 259 0 0 0 0 0 0 233 512 255 0 0 0 0 0 0
219 499 282 0 0 0 0 0 0 239 483 278 0 0 0 0 0 0 206 486 308 0 0 0 0 0 0 212 488 300 0 0 0 0 0 0 223 466 311 0 0 0 0 0 0 245 501 254 0 0 0 0 0 0 213 479 308 0 0 0 0 0 0
163 510 327 0 0 0 0 0 0 171 504 325 0 0 0 0 0 0 188 503 309 0 0 0 0 0 0 175 467 358 0 0 0 0 0 0 193 494 313 0 0 0 0 0 0 196 478 326 0 0 0 0 0 0 192 475 333 0 0 0 0 0 0
153 472 375 0 0 0 0 0 0 176 490 334 0 0 0 0 0 0 177 484 339 0 0 0 0 0 0 181 452 367 0 0 0 0 0 0 181 486 333 0 0 0 0 0 0 190 482 328 0 0 0 0 0 0 186 484 330 0 0 0 0 0 0
150 466 384 0 0 0 0 0 0 151 479 370 0 0 0 0 0 0 159 476 365 0 0 0 0 0 0 160 490 350 0 0 0 0 0 0 160 467 373 0 0 0 0 0 0 155 464 381 0 0 0 0 0 0 149 487 364 0 0 0 0 0 0
151 480 369 0 0 0 0 0 0 144 500 356 0 0 0 0 0 0 156 457 387 0 0 0 0 0 0 142 496 362 0 0 0 0 0 0 149 476 375 0 0 0 0 0 0 146 501 353 0 0 0 0 0 0 142 487 371 0 0 0 0 0 0
163 437 400 0 0 0 0 0 0 145 493 362 0 0 0 0 0 0 157 472 371 0 0 0 0 0 0 124 468 408 0 0 0 0 0 0 137 464 399 0 0 0 0 0 0 128 508 364 0 0 0 0 0 0 140 428 432 0 0 0 0 0 0
105 471 424 0 0 0 0 0 0 113 487 400 0 0 0 0 0 0 119 440 441 0 0 0 0 0 0 132 447 421 0 0 0 0 0 0 126 481 393 0 0 0 0 0 0 121 466 413 0 0 0 0 0 0 112 451 437 0 0 0 0 0 0
96 435 469 0 0 0 0 0 0 116 418 466 0 0 0 0 0 0 118 403 479 0 0 0 0 0 0 107 431 462 0 0 0 0 0 0 107 440 453 0 0 0 0 0 0 117 417 466 0 0 0 0 0 0 106 440 454 0 0 0 0 0 0
96 419 485 0 0 0 0 0 0 91 426 483 0 0 0 0 0 0 102 411 487 0 0 0 0 0 0 111 427 462 0 0 0 0 0 0 108 424 468 0 0 0 0 0 0 93 430 477 0 0 0 0 0 0 100 422 478 0 0 0 0 0 0
82 428 490 0 0 0 0 0 0 86 441 473 0 0 0 0 0 0 95 427 478 0 0 0 0 0 0 102 402 496 0 0 0 0 0 0 106 431 463 0 0 0 0 0 0 95 431 474 0 0 0 0 0 0 105 436 459 0 0 0 0 0 0
92 385 523 0 0 0 0 0 0 93 419 488 0 0 0 0 0 0 93 405 502 0 0 0 0 0 0 75 431 494 0 0 0 0 0 0 101 424 475 0 0 0 0 0 0 79 413 508 0 0 0 0 0 0 75 397 528 0 0 0 0 0 0
71 397 532 0 0 0 0 0 0 80 425 495 0 0 0 0 0 0 90 377 533 0 0 0 0 0 0 88 380 532 0 0 0 0 0 0 73 400 527 0 0 0 0 0 0 74 381 545 0 0 0 0 0 0 71 393 536 0 0 0 0 0 0
70 380 550 0 0 0 0 0 0 68 378 554 0 0 0 0 0 0 55 390 555 0 0 0 0 0 0 64 395 541 0 0 0 0 0 0 71 389 540 0 0 0 0 0 0 66 387 547 0 0 0 0 0 0 78 350 572 0 0 0 0 0 0
57 350 593 0 0 0 0 0 0 48 378 574 0 0 0 0 0 0 54 378 568 0 0 0 0 0 0 57 387 556 0 0 0 0 0 0 51 373 576 0 0 0 0 0 0 62 370 568 0 0 0 0 0 0 64 350 586 0 0 0 0 0 0
57 353 590 0 0 0 0 0 0 60 372 568 0 0 0 0 0 0 48 380 572 0 0 0 0 0 0 54 371 575 0 0 0 0 0 0 65 363 572 0 0 0 0 0 0 70 369 561 0 0 0 0 0 0 50 353 597 0 0 0 0 0 0
46 351 603 0 0 0 0 0 0 55 328 617 0 0 0 0 0 0 47 370 583 0 0 0 0 0 0 53 377 570 0 0 0 0 0 0 51 351 598 0 0 0 0 0 0 53 366 581 0 0 0 0 0 0 71 328 601 0 0 0 0 0 0
60 368 572 0 0 0 0 0 0 48 336 616 0 0 0 0 0 0 59 341 600 0 0 0 0 0 0 43 341 616 0 0 0 0 0 0 56 323 621 0 0 0 0 0 0 47 371 582 0 0 0 0 0 0 47 352 601 0 0 0 0 0 0
58 319 623 0 0 0 0 0 0 42 329 629 0 0 0 0 0 0 42 325 633 0 0 0 0 0 0 52 327 621 0 0 0 0 0 0 48 337 615 0 0 0 0 0 0 49 337 614 0 0 0 0 0 0 47 329 624 0 0 0 0 0 0
37 313 650 0 0 0 0 0 0 39 326 635 0 0 0 0 0 0 39 311 650 0 0 0 0 0 0 51 284 665 0 0 0 0 0 0 49 343 608 0 0 0 0 0 0 44 346 610 0 0 0 0 0 0 47 316 637 0 0 0 0 0 0
40 306 654 0 0 0 0 0 0 37 310 653 0 0 0 0 0 0 37 331 632 0 0 0 0 0 0 35 296 669 0 0 0 0 0 0 40 296 664 0 0 0 0 0 0 35 282 683 0 0 0 0 0 0 31 335 634 0 0 0 0 0 0
30 302 668 0 0 0 0 0 0 31 305 664 0 0 0 0 0 0 33 280 687 0 0 0 0 0 0 38 299 663 0 0 0 0 0 0 26 310 664 0 0 0 0 0 0 34 306 660 0 0 0 0 0 0 40 283 677 0 0 0 0 0 0
34 304 662 0 0 0 0 0 0 33 289 678 0 0 0 0 0 0 38 260 702 0 0 0 0 0 0 28 273 699 0 0 0 0 0 0 25 285 690 0 0 0 0 0 0 30 295 675 0 0 0 0 0 0 38 284 678 0 0 0 0 0 0
23 283 694 0 0 0 0 0 0 26 278 696 0 0 0 0 0 0 32 266 702 0 0 0 0 0 0 27 276 697 0 0 0 0 0 0 27 274 699 0 0 0 0 0 0 28 282 690 0 0 0 0 0 0 29 273 698 0 0 0 0 0 0
28 259 713 0 0 0 0 0 0 16 255 729 0 0 0 0 0 0 24 238 738 0 0 0 0 0 0 23 255 722 0 0 0 0 0 0 27 278 695 0 0 0 0 0 0 25 270 705 0 0 0 0 0 0 22 268 710 0 0 0 0 0 0
16 212 772 0 0 0 0 0 0 26 239 735 0 0 0 0 0 0 13 247 740 0 0 0 0 0 0 25 245 730 0 0 0 0 0 0 17 240 743 0 0 0 0 0 0 26 237 737 0 0 0 0 0 0 20 244 736 0 0 0 0 0 0
23 234 743 0 0 0 0 0 0 12 226 762 0 0 0 0 0 0 15 253 732 0 0 0 0 0 0 21 243 736 0 0 0 0 0 0 19 253 728 0 0 0 0 0 0 22 237 741 0 0 0 0 0 0 19 205 776 0 0 0 0 0 0
8 245 747 0 0 0 0 0 0 19 200 781 0 0 0 0 0 0 15 217 768 0 0 0 0 0 0 19 246 735 0 0 0 0 0 0 17 233 750 0 0 0 0 0 0 13 239 748 0 0 0 0 0 0 19 228 753 0 0 0 0 0 0
31 195 774 0 0 0 0 0 0 20 235 745 0 0 0 0 0 0 17 245 738 0 0 0 0 0 0 17 236 747 0 0 0 0 0 0 26 234 740 0 0 0 0 0 0 13 232 755 0 0 0 0 0 0 16 213 771 0 0 0 0 0 0
12 212 776 0 0 0 0 0 0 11 196 793 0 0 0 0 0 0 19 207 774 0 0 0 0 0 0 21 204 775 0 0 0 0 0 0 9 246 745 0 0 0 0 0 0 15 201 784 0 0 0 0 0 0 18 213 769 0 0 0 0 0 0
12 194 794 0 0 0 0 0 0 14 188 798 0 0 0 0 0 0 14 192 794 0 0 0 0 0 0 17 202 781 0 0 0 0 0 0 11 187 802 0 0 0 0 0 0 9 212 779 0 0 0 0 0 0 13 203 784 0 0 0 0 0 0
14 201 785 0 0 0 0 0 0 11 170 819 0 0 0 0 0 0 12 186 802 0 0 0 0 0 0 12 199 789 0 0 0 0 0 0 18 209 773 0 0 0 0 0 0 15 158 827 0 0 0 0 0 0 12 188 800 0 0 0 0 0 0
12 178 810 0 0 0 0 0 0 11 168 821 0 0 0 0 0 0 8 191 801 0 0 0 0 0 0 9 183 808 0 0 0 0 0 0 10 167 823 0 0 0 0 0 0 10 186 804 0 0 0 0 0 0 6 189 805 0 0 0 0 0 0
8 146 846 0 0 0 0 0 0 15 182 803 0 0 0 0 0 0 9 182 809 0 0 0 0 0 0 4 160 836 0 0 0 0 0 0 9 185 806 0 0 0 0 0 0 8 185 807 0 0 0 0 0 0 5 168 827 0 0 0 0 0 0
9 151 840 0 0 0 0 0 0 14 163 823 0 0 0 0 0 0 9 168 823 0 0 0 0 0 0 13 168 819 0 0 0 0 0 0 5 177 818 0 0 0 0 0 0 7 160 833 0 0 0 0 0 0 6 181 813 0 0 0 0 0 0
8 156 836 0 0 0 0 0 0 10 176 814 0 0 0 0 0 0 13 142 845 0 0 0 0 0 0 13 166 821 0 0 0 0 0 0 5 161 834 0 0 0 0 0 0 6 170 824 0 0 0 0 0 0 5 159 836 0 0 0 0 0 0
11 153 836 0 0 0 0 0 0 8 153 839 0 0 0 0 0 0 7 164 829 0 0 0 0 0 0 12 142 846 0 0 0 0 0 0 11 158 831 0 0 0 0 0 0 11 151 838 0 0 0 0 0 0 1 155 844 0 0 0 0 0 0
6 137 857 0 0 0 0 0 0 9 154 837 0 0 0 0 0 0 5 136 859 0 0 0 0 0 0 4 136 860 0 0 0 0 0 0 7 165 828 0 0 0 0 0 0 8 149 843 0 0 0 0 0 0 6 139 855 0 0 0 0 0 0
8 147 845 0 0 0 0 0 0 5 148 847 0 0 0 0 0 0 8 140 852 0 0 0 0 0 0 4 127 869 0 0 0 0 0 0 3 123 874 0 0 0 0 0 0 5 146 849 0 0 0 0 0 0 5 136 859 0 0 0 0 0 0
7 132 861 0 0 0 0 0 0 6 149 845 0 0 0 0 0 0 6 132 862 0 0 0 0 0 0 8 153 839 0 0 0 0 0 0 4 140 856 0 0 0 0 0 0 10 130 860 0 0 0 0 0 0 2 126 872 0 0 0 0 0 0
4 128 868 0 0 0 0 0 0 3 134 863 0 0 0 0 0 0 5 121 874 0 0 0 0 0 0 8 134 858 0 0 0 0 0 0 7 130 863 0 0 0 0 0 0 4 112 884 0 0 0 0 0 0 5 130 865 0 0 0 0 0 0
3 127 870 0 0 0 0 0 0 4 123 873 0 0 0 0 0 0 2 119 879 0 0 0 0 0 0 4 113 883 0 0 0 0 0 0 1 127 872 0 0 0 0 0 0 4 137 859 0 0 0 0 0 0 5 117 878 0 0 0 0 0 0
5 100 895 0 0 0 0 0 0 6 102 892 0 0 0 0 0 0 4 120 876 0 0 0 0 0 0 4 127 869 0 0 0 0 0 0 8 119 873 0 0 0 0 0 0 4 105 891 0 0 0 0 0 0 4 107 889 0 0 0 0 0 0
1 113 886 0 0 0 0 0 0 4 121 875 0 0 0 0 0 0 5 100 895 0 0 0 0 0 0 3 97 900 0 0 0 0 0 0 2 110 888 0 0 0 0 0 0 1 115 884 0 0 0 0 0 0 3 103 894 0 0 0 0 0 0
2 110 888 0 0 0 0 0 0 3 103 894 0 0 0 0 0 0 3 104 893 0 0 0 0 0 0 4 106 890 0 0 0 0 0 0 3 103 894 0 0 0 0 0 0 3 92 905 0 0 0 0 0 0 4 108 888 0 0 0 0 0 0
0 99 901 0 0 0 0 0 0 3 106 891 0 0 0 0 0 0 6 108 886 0 0 0 0 0 0 6 98 896 0 0 0 0 0 0 3 89 908 0 0 0 0 0 0 3 85 912 0 0 0 0 0 0 2 84 914 0 0 0 0 0 0
1 87 912 0 0 0 0 0 0 4 97 899 0 0 0 0 0 0 1 100 899 0 0 0 0 0 0 3 90 907 0 0 0 0 0 0 0 93 907 0 0 0 0 0 0 3 94 903 0 0 0 0 0 0 3 101 896 0 0 0 0 0 0
3 94 903 0 0 0 0 0 0 2 91 907 0 0 0 0 0 0 0 88 912 0 0 0 0 0 0 0 84 916 0 0 0 0 0 0 2 88 910 0 0 0 0 0 0 4 82 914 0 0 0 0 0 0 0 91 909 0 0 0 0 0 0
2 77 921 0 0 0 0 0 0 1 73 926 0 0 0 0 0 0 1 65 934 0 0 0 0 0 0 6 77 917 0 0 0 0 0 0 0 76 924 0 0 0 0 0 0 0 79 921 0 0 0 0 0 0 1 88 911 0 0 0 0 0 0
2 82 916 0 0 0 0 0 0 3 77 920 0 0 0 0 0 0 0 97 903 0 0 0 0 0 0 2 67 931 0 0 0 0 0 0 4 66 930 0 0 0 0 0 0 2 83 915 0 0 0 0 0 0 4 56 940 0 0 0 0 0 0
2 82 916 0 0 0 0 0 0 4 84 912 0 0 0 0 0 0 1 74 925 0 0 0 0 0 0 0 71 929 0 0 0 0 0 0 4 75 921 0 0 0 0 0 0 0 65 935 0 0 0 0 0 0 3 80 917 0 0 0 0 0 0
2 82 916 0 0 0 0 0 0 2 74 924 0 0 0 0 0 0 0 82 918 0 0 0 0 0 0 2 67 931 0 0 0 0 0 0 2 72 926 0 0 0 0 0 0 1 84 915 0 0 0 0 0 0 3 74 923 0 0 0 0 0 0
3 62 935 0 0 0 0 0 0 1 65 934 0 0 0 0 0 0 1 85 914 0 0 0 0 0 0 4 80 916 0 0 0 0 0 0 1 80 919 0 0 0 0 0 0 0 64 936 0 0 0 0 0 0 0 63 937 0 0 0 0 0 0
1 73 926 0 0 0 0 0 0 0 67 933 0 0 0 0 0 0 2 56 942 0 0 0 0 0 0 1 56 943 0 0 0 0 0 0 3 61 936 0 0 0 0 0 0 2 69 929 0 0 0 0 0 0 1 62 937 0 0 0 0 0 0
0 63 937 0 0 0 0 0 0 2 47 951 0 0 0 0 0 0 0 82 918 0 0 0 0 0 0 3 61 936 0 0 0 0 0 0 0 61 939 0 0 0 0 0 0 3 76 921 0 0 0 0 0 0 1 69 930 0 0 0 0 0 0
0 62 938 0 0 0 0 0 0 0 46 954 0 0 0 0 0 0 1 62 937 0 0 0 0 0 0 0 56 944 0 0 0 0 0 0 4 61 935 0 0 0 0 0 0 1 53 946 0 0 0 0 0 0 1 65 934 0 0 0 0 0 0
2 57 941 0 0 0 0 0 0 0 49 951 0 0 0 0 0 0 0 52 948 0 0 0 0 0 0 1 34 965 0 0 0 0 0 0 0 56 944 0 0 0 0 0 0 1 52 947 0 0 0 0 0 0 1 48 951 0 0 0 0 0 0
1 43 956 0 0 0 0 0 0 1 44 955 0 0 0 0 0 0 0 55 945 0 0 0 0 0 0 1 37 962 0 0 0 0 0 0 1 38 961 0 0 0 0 0 0 1 41 958 0 0 0 0 0 0 2 48 950 0 0 0 0 0 0
0 46 954 0 0 0 0 0 0 2 52 946 0 0 0 0 0 0 0 55 945 0 0 0 0 0 0 0 57 943 0 0 0 0 0 0 0 44 956 0 0 0 0 0 0 3 46 951 0 0 0 0 0 0 2 49 949 0 0 0 0 0 0
2 50 948 0 0 0 0 0 0 0 54 946 0 0 0 0 0 0 0 43 957 0 0 0 0 0 0 0 42 958 0 0 0 0 0 0 1 39 960 0 0 0 0 0 0 1 58 941 0 0 0 0 0 0 0 36 964 0 0 0 0 0 0
1 38 961 0 0 0 0 0 0 1 41 958 0 0 0 0 0 0 1 62 937 0 0 0 0 0 0 0 54 946 0 0 0 0 0 0 0 51 949 0 0 0 0 0 0 2 53 945 0 0 0 0 0 0 1 43 956 0 0 0 0 0 0
1 43 956 0 0 0 0 0 0 2 29 969 0 0 0 0 0 0 0 34 966 0 0 0 0 0 0 1 47 952 0 0 0 0 0 0 0 50 950 0 0 0 0 0 0 0 36 964 0 0 0 0 0 0 0 35 965 0 0 0 0 0 0
0 49 951 0 0 0 0 0 0 0 35 965 0 0 0 0 0 0 0 36 964 0 0 0 0 0 0 0 43 957 0 0 0 0 0 0 1 47 952 0 0 0 0 0 0 0 48 952 0 0 0 0 0 0 1 42 957 0 0 0 0 0 0
0 31 969 0 0 0 0 0 0 0 45 955 0 0 0 0 0 0 0 37 963 0 0 0 0 0 0 0 38 962 0 0 0 0 0 0 2 38 960 0 0 0 0 0 0 0 41 959 0 0 0 0 0 0 0 36 964 0 0 0 0 0 0
1 33 966 0 0 0 0 0 0 0 39 961 0 0 0 0 0 0 0 41 959 0 0 0 0 0 0 0 37 963 0 0 0 0 0 0 2 29 969 0 0 0 0 0 0 0 48 952 0 0 0 0 0 0 0 48 952 0 0 0 0 0 0
0 30 970 0 0 0 0 0 0 0 38 962 0 0 0 0 0 0 1 35 964 0 0 0 0 0 0 0 27 973 0 0 0 0 0 0 0 35 965 0 0 0 0 0 0 0 27 973 0 0 0 0 0 0 0 27 973 0 0 0 0 0 0
1 34 965 0 0 0 0 0 0 0 33 967 0 0 0 0 0 0 0 33 967 0 0 0 0 0 0 0 30 970 0 0 0 0 0 0 0 29 971 0 0 0 0 0 0 1 41 958 0 0 0 0 0 0 0 32 968 0 0 0 0 0 0
0 23 977 0 0 0 0 0 0 0 32 968 0 0 0 0 0 0 1 28 971 0 0 0 0 0 0 0 30 970 0 0 0 0 0 0 0 29 971 0 0 0 0 0 0 0 35 965 0 0 0 0 0 0 0 35 965 0 0 0 0 0 0
0 21 979 0 0 0 0 0 0 0 26 974 0 0 0 0 0 0 0 32 968 0 0 0 0 0 0 0 19 981 0 0 0 0 0 0 1 29 970 0 0 0 0 0 0 0 24 976 0 0 0 0 0 0 0 20 980 0 0 0 0 0 0
1 20 979 0 0 0 0 0 0 1 20 979 0 0 0 0 0 0 0 31 969 0 0 0 0 0 0 0 29 971 0 0 0 0 0 0 0 32 968 0 0 0 0 0 0 0 28 972 0 0 0 0 0 0 1 18 981 0 0 0 0 0 0
1 24 975 0 0 0 0 0 0 0 29 971 0 0 0 0 0 0 0 30 970 0 0 0 0 0 0 0 25 975 0 0 0 0 0 0 1 25 974 0 0 0 0 0 0 0 30 970 0 0 0 0 0 0 1 20 979 0 0 0 0 0 0
0 24 976 0 0 0 0 0 0 1 15 984 0 0 0 0 0 0 0 20 980 0 0 0 0 0 0 0 32 968 0 0 0 0 0 0 0 35 965 0 0 0 0 0 0 0 12 988 0 0 0 0 0 0 0 22 978 0 0 0 0 0 0
0 23 977 0 0 0 0 0 0 0 26 974 0 0 0 0 0 0 1 25 974 0 0 0 0 0 0 0 27 973 0 0 0 0 0 0 0 34 966 0 0 0 0 0 0 0 25 975 0 0 0 0 0 0 0 20 980 0 0 0 0 0 0
0 22 978 0 0 0 0 0 0 0 22 978 0 0 0 0 0 0 0 23 977 0 0 0 0 0 0 1 25 974 0 0 0 0 0 0 0 21 979 0 0 0 0 0 0 0 18 982 0 0 0 0 0 0 0 27 973 0 0 0 0 0 0
0 17 983 0 0 0 0 0 0 0 26 974 0 0 0 0 0 0 0 24 976 0 0 0 0 0 0 0 22 978 0 0 0 0 0 0 0 20 980 0 0 0 0 0 0 0 19 981 0 0 0 0 0 0 1 10 989 0 0 0 0 0 0
0 22 978 0 0 0 0 0 0 0 18 982 0 0 0 0 0 0 1 26 973 0 0 0 0 0 0 0 20 980 0 0 0 0 0 0 0 16 984 0 0 0 0 0 0 0 21 979 0 0 0 0 0 0 0 21 979 0 0 0 0 0 0
0 12 988 0 0 0 0 0 0 0 11 989 0 0 0 0 0 0 0 20 980 0 0 0 0 0 0 0 22 978 0 0 0 0 0 0 0 10 990 0 0 0 0 0 0 0 20 980 0 0 0 0 0 0 1 21 978 0 0 0 0 0 0
0 25 975 0 0 0 0 0 0 0 24 976 0 0 0 0 0 0 0 13 987 0 0 0 0 0 0 0 10 990 0 0 0 0 0 0 0 30 970 0 0 0 0 0 0 0 12 988 0 0 0 0 0 0 0 14 986 0 0 0 0 0 0
0 11 989 0 0 0 0 0 0 0 19 981 0 0 0 0 0 0 0 13 987 0 0 0 0 0 0 0 17 983 0 0 0 0 0 0 1 15 984 0 0 0 0 0 0 0 16 984 0 0 0 0 0 0 0 18 982 0 0 0 0 0 0
0 10 990 0 0 0 0 0 0 0 14 986 0 0 0 0 0 0 0 18 982 0 0 0 0 0 0 0 15 985 0 0 0 0 0 0 0 21 979 0 0 0 0 0 0 0 12 988 0 0 0 0 0 0 0 10 990 0 0 0 0 0 0
1 19 980 0 0 0 0 0 0 0 13 987 0 0 0 0 0 0 0 12 988 0 0 0 0 0 0 0 15 985 0 0 0 0 0 0 0 13 987 0 0 0 0 0 0 0 20 980 0 0 0 0 0 0 0 9 991 0 0 0 0 0 0
0 10 990 0 0 0 0 0 0 0 18 982 0 0 0 0 0 0 0 13 987 0 0 0 0 0 0 0 11 989 0 0 0 0 0 0 0 9 991 0 0 0 0 0 0 0 17 983 0 0 0 0 0 0 0 10 990 0 0 0 0 0 0
0 14 986 0 0 0 0 0 0 0 6 994 0 0 0 0 0 0 0 14 986 0 0 0 0 0 0 0 17 983 0 0 0 0 0 0 0 17 983 0 0 0 0 0 0 0 10 990 0 0 0 0 0 0 0 8 992 0 0 0 0 0 0
0 10 990 0 0 0 0 0 0 0 10 990 0 0 0 0 0 0 0 19 981 0 0 0 0 0 0 0 12 988 0 0 0 0 0 0 0 8 992 0 0 0 0 0 0 0 10 990 0 0 0 0 0 0 0 11 989 0 0 0 0 0 0
0 15 985 0 0 0 0 0 0 0 17 983 0 0 0 0 0 0 0 14 986 0 0 0 0 0 0 0 13 987 0 0 0 0 0 0 1 12 987 0 0 0 0 0 0 0 17 983 0 0 0 0 0 0 0 7 993 0 0 0 0 0 0
0 16 984 0 0 0 0 0 0 0 11 989 0 0 0 0 0 0 0 15 985 0 0 0 0 0 0 0 8 992 0 0 0 0 0 0 0 8 992 0 0 0 0 0 0 0 18 982 0 0 0 0 0 0 0 10 990 0 0 0 0 0 0
0 12 988 0 0 0 0 0 0 0 5 995 0 0 0 0 0 0 1 6 993 0 0 0 0 0 0 0 6 994 0 0 0 0 0 0 0 6 994 0 0 0 0 0 0 0 4 996 0 0 0 0 0 0 0 5 995 0 0 0 0 0 0
0 13 987 0 0 0 0 0 0 0 11 989 0 0 0 0 0 0 0 12 988 0 0 0 0 0 0 0 14 986 0 0 0 0 0 0 0 6 994 0 0 0 0 0 0 0 9 991 0 0 0 0 0 0 0 11 989 0 0 0 0 0 0
0 7 993 0 0 0 0 0 0 0 14 986 0 0 0 0 0 0 0 9 991 0 0 0 0 0 0 0 8 992 0 0 0 0 0 0 0 12 988 0 0 0 0 0 0 0 12 988 0 0 0 0 0 0 0 13 987 0 0 0 0 0 0
0 4 996 0 0 0 0 0 0 0 8 992 0 0 0 0 0 0 0 11 989 0 0 0 0 0 0 0 9 991 0 0 0 0 0 0 0 18 982 0 0 0 0 0 0 0 9 991 0 0 0 0 0 0 0 18 982 0 0 0 0 0 0
0 8 992 0 0 0 0 0 0 0 5 995 0 0 0 0 0 0 0 5 995 0 0 0 0 0 0 0 7 993 0 0 0 0 0 0 0 5 995 0 0 0 0 0 0 0 9 991 0 0 0 0 0 0 0 9 991 0 0 0 0 0 0
0 7 993 0 0 0 0 0 0 0 11 989 0 0 0 0 0 0 0 4 996 0 0 0 0 0 0 0 4 996 0 0 0 0 0 0 0 8 992 0 0 0 0 0 0 0 4 996 0 0 0 0 0 0 0 13 987 0 0 0 0 0 0
0 7 993 0 0 0 0 0 0 0 9 991 0 0 0 0 0 0 0 5 995 0 0 0 0 0 0 0 4 996 0 0 0 0 0 0 0 9 991 0 0 0 0 0 0 0 8 992 0 0 0 0 0 0 0 11 989 0 0 0 0 0 0
0 4 996 0 0 0 0 0 0 0 4 996 0 0 0 0 0 0 0 7 993 0 0 0 0 0 0 0 12 988 0 0 0 0 0 0 0 7 993 0 0 0 0 0 0 0 9 991 0 0 0 0 0 0 0 9 991 0 0 0 0 0 0
0 10 990 0 0 0 0 0 0 0 7 993 0 0 0 0 0 0 0 9 991 0 0 0 0 0 0 0 9 991 0 0 0 0 0 0 0 4 996 0 0 0 0 0 0 0 6 994 0 0 0 0 0 0 0 8 992 0 0 0 0 0 0
0 4 996 0 0 0 0 0 0 0 6 994 0 0 0 0 0 0 0 8 992 0 0 0 0 0 0 0 7 993 0 0 0 0 0 0 0 8 992 0 0 0 0 0 0 0 7 993 0 0 0 0 0 0 0 9 991 0 0 0 0 0 0
0 9 991 0 0 0 0 0 0 0 5 995 0 0 0 0 0 0 0 5 995 0 0 0 0 0 0 0 5 995 0 0 0 0 0 0 0 6 994 0 0 0 0 0 0 0 4 996 0 0 0 0 0 0 0 5 995 0 0 0 0 0 0
0 7 993 0 0 0 0 0 0 0 7 993 0 0 0 0 0 0 0 5 995 0 0 0 0 0 0 0 5 995 0 0 0 0 0 0 0 4 996 0 0 0 0 0 0 0 6 994 0 0 0 0 0 0 0 9 991 0 0 0 0 0 0
0 5 995 0 0 0 0 0 0 0 7 993 0 0 0 0 0 0 0 2 998 0 0 0 0 0 0 0 6 994 0 0 0 0 0 0 0 6 994 0 0 0 0 0 0 0 5 995 0 0 0 0 0 0 0 4 996 0 0 0 0 0 0
0 4 996 0 0 0 0 0 0 0 4 996 0 0 0 0 0 0 0 2 998 0 0 0 0 0 0 0 3 997 0 0 0 0 0 0 0 4 996 0 0 0 0 0 0 0 1 999 0 0 0 0 0 0 0 5 995 0 0 0 0 0 0
0 2 998 0 0 0 0 0 0 0 4 996 0 0 0 0 0 0 0 6 994 0 0 0 0 0 0 0 2 998 0 0 0 0 0 0 0 6 994 0 0 0 0 0 0 0 1 999 0 0 0 0 0 0 0 5 995 0 0 0 0 0 0
0 3 997 0 0 0 0 0 0 0 4 996 0 0 0 0 0 0 0 2 998 0 0 0 0 0 0 0 8 992 0 0 0 0 0 0 0 6 994 0 0 0 0 0 0 0 1 999 0 0 0 0 0 0 0 3 997 0 0 0 0 0 0
0 6 994 0 0 0 0 0 0 0 2 998 0 0 0 0 0 0 0 5 995 0 0 0 0 0 0 0 1 999 0 0 0 0 0 0 0 6 994 0 0 0 0 0 0 0 6 994 0 0 0 0 0 0 0 3 997 0 0 0 0 0 0
0 0 1000 0 0 0 0 0 0 0 4 996 0 0 0 0 0 0 0 4 996 0 0 0 0 0 0 0 1 999 0 0 0 0 0 0 0 4 996 0 0 0 0 0 0 0 5 995 0 0 0 0 0 0 0 4 996 0 0 0 0 0 0
0 1 999 0 0 0 0 0 0 0 3 997 0 0 0 0 0 0 0 5 995 0 0 0 0 0 0 0 8 992 0 0 0 0 0 0 0 3 997 0 0 0 0 0 0 0 6 994 0 0 0 0 0 0 0 2 998 0 0 0 0 0 0
0 4 996 0 0 0 0 0 0 0 3 997 0 0 0 0 0 0 0 0 1000 0 0 0 0 0 0 0 0 1000 0 0 0 0 0 0 0 3 997 0 0 0 0 0 0 0 2 998 0 0 0 0 0 0 0 5 995 0 0 0 0 0 0
0 3 997 0 0 0 0 0 0 0 3 997 0 0 0 0 0 0 0 2 998 0 0 0 0 0 0 0 1 999 0 0 0 0 0 0 0 2 998 0 0 0 0 0 0 0 3 997 0 0 0 0 0 0 0 2 998 0 0 0 0 0 0
0 5 995 0 0 0 0 0 0 0 4 996 0 0 0 0 0 0 0 5 995 0 0 0 0 0 0 0 3 997 0 0 0 0 0 0 0 4 996 0 0 0 0 0 0 0 4 996 0 0 0 0 0 0 0 3 997 0 0 0 0 0 0
0 2 998 0 0 0 0 0 0 0 3 997 0 0 0 0 0 0 0 1 999 0 0 0 0 0 0 0 3 997 0 0 0 0 0 0 0 4 996 0 0 0 0 0 0 0 2 998 0 0 0 0 0 0 0 4 996 0 0 0 0 0 0
0 4 996 0 0 0 0 0 0 0 5 995 0 0 0 0 0 0 0 4 996 0 0 0 0 0 0 0 2 998 0 0 0 0 0 0 0 3 997 0 0 0 0 0 0 0 2 998 0 0 0 0 0 0 0 1 999 0 0 0 0 0 0
0 5 995 0 0 0 0 0 0 0 2 998 0 0 0 0 0 0 0 1 999 0 0 0 0 0 0 0 1 999 0 0 0 0 0 0 0 2 998 0 0 0 0 0 0 0 2 998 0 0 0 0 0 0 0 3 997 0 0 0 0 0 0
0 3 997 0 0 0 0 0 0 0 1 999 0 0 0 0 0 0 0 3 997 0 0 0 0 0 0 0 5 995 0 0 0 0 0 0 0 1 999 0 0 0 0 0 0 0 0 1000 0 0 0 0 0 0 0 1 999 0 0 0 0 0 0
0 3 997 0 0 0 0 0 0 0 1 999 0 0 0 0 0 0 0 2 998 0 0 0 0 0 0 0 1 999 0 0 0 0 0 0 0 2 998 0 0 0 0 0 0 0 1 999 0 0 0 0 0 0 0 2 998 0 0 0 0 0 0
0 2 998 0 0 0 0 0 0 0 3 997 0 0 0 0 0 0 0 2 998 0 0 0 0 0 0 0 1 999 0 0 0 0 0 0 0 2 998 0 0 0 0 0 0 0 3 997 0 0 0 0 0 0 0 1 999 0 0 0 0 0 0
0 2 998 0 0 0 0 0 0 0 3 997 0 0 0 0 0 0 0 0 1000 0 0 0 0 0 0 0 5 995 0 0 0 0 0 0 0 1 999 0 0 0 0 0 0 0 3 997 0 0 0 0 0 0 0 6 994 0 0 0 0 0 0
0 4 996 0 0 0 0 0 0 0 1 999 0 0 0 0 0 0 0 0 1000 0 0 0 0 0 0 0 4 996 0 0 0 0 0 0 0 0 1000 0 0 0 0 0 0 0 3 997 0 0 0 0 0 0 0 1 999 0 0 0 0 0 0
0 4 996 0 0 0 0 0 0 0 1 999 0 0 0 0 0 0 0 1 999 0 0 0 0 0 0 0 1 999 0 0 0 0 0 0 0 0 1000 0 0 0 0 0 0 0 2 998 0 0 0 0 0 0 0 2 998 0 0 0 0 0 0
0 1 999 0 0 0 0 0 0 0 0 1000 0 0 0 0 0 0 0 0 1000 0 0 0 0 0 0 0 1 999 0 0 0 0 0 0 0 3 997 0 0 0 0 0 0 0 2 998 0 0 0 0 0 0 0 3 997 0 0 0 0 0 0
0 3 997 0 0 0 0 0 0 0 1 999 0 0 0 0 0 0 0 1 999 0 0 0 0 0 0 0 4 996 0 0 0 0 0 0 0 1 999 0 0 0 0 0 0 0 2 998 0 0 0 0 0 0 0 4 996 0 0 0 0 0 0
0 0 1000 0 0 0 0 0 0 0 3 997 0 0 0 0 0 0 0 1 999 0 0 0 0 0 0 0 1 999 0 0 0 0 0 0 0 1 999 0 0 0 0 0 0 0 0 1000 0 0 0 0 0 0 0 2 998 0 0 0 0 0 0
0 0 1000 0 0 0 0 0 0 0 0 1000 0 0 0 0 0 0 0 0 1000 0 0 0 0 0 0 0 1 999 0 0 0 0 0 0 0 3 997 0 0 0 0 0 0 0 4 996 0 0 0 0 0 0 0 1 999 0 0 0 0 0 0
0 2 998 0 0 0 0 0 0 0 2 998 0 0 0 0 0 0 0 3 997 0 0 0 0 0 0 0 1 999 0 0 0 0 0 0 0 1 999 0 0 0 0 0 0 0 0 1000 0 0 0 0 0 0 0 2 998 0 0 0 0 0 0
0 2 998 0 0 0 0 0 0 0 0 1000 0 0 0 0 0 0 0 1 999 0 0 0 0 0 0 0 1 999 0 0 0 0 0 0 0 0 1000 0 0 0 0 0 0 0 0 1000 0 0 0 0 0 0 0 0 1000 0 0 0 0 0 0
0 1 999 0 0 0 0 0 0 0 1 999 0 0 0 0 0 0 0 1 999 0 0 0 0 0 0 0 5 995 0 0 0 0 0 0 0 1 999 0 0 0 0 0 0 0 1 999 0 0 0 0 0 0 0 1 999 0 0 0 0 0 0
0 1 999 0 0 0 0 0 0 0 2 998 0 0 0 0 0 0 0 1 999 0 0 0 0 0 0 0 4 996 0 0 0 0 0 0 0 1 999 0 0 0 0 0 0 0 0 1000 0 0 0 0 0 0 0 1 999 0 0 0 0 0 0
0 0 1000 0 0 0 0 0 0 0 0 1000 0 0 0 0 0 0 0 2 998 0 0 0 0 0 0 0 3 997 0 0 0 0 0 0 0 0 1000 0 0 0 0 0 0 0 1 999 0 0 0 0 0 0 0 0 1000 0 0 0 0 0 0
0 3 997 0 0 0 0 0 0 0 2 998 0 0 0 0 0 0 0 2 998 0 0 0 0 0 0 0 0 1000 0 0 0 0 0 0 0 1 999 0 0 0 0 0 0 0 0 1000 0 0 0 0 0 0 0 0 1000 0 0 0 0 0 0
0 1 999 0 0 0 0 0 0 0 0 1000 0 0 0 0 0 0 0 0 1000 0 0 0 0 0 0 0 1 999 0 0 0 0 0 0 0 0 1000 0 0 0 0 0 0 0 0 1000 0 0 0 0 0 0 0 0 1000 0 0 0 0 0 0
0 2 998 0 0 0 0 0 0 0 2 998 0 0 0 0 0 0 0 2 998 0 0 0 0 0 0 0 4 996 0 0 0 0 0 0 0 1 999 0 0 0 0 0 0 0 1 999 0 0 0 0 0 0 0 3 997 0 0 0 0 0 0
0 0 1000 0 0 0 0 0 0 0 4 996 0 0 0 0 0 0 0 1 999 0 0 0 0 0 0 0 0 1000 0 0 0 0 0 0 0 0 1000 0 0 0 0 0 0 0 0 1000 0 0 0 0 0 0 0 1 999 0 0 0 0 0 0
0 1 999 0 0 0 0 0 0 0 1 999 0 0 0 0 0 0 0 0 1000 0 0 0 0 0 0 0 1 999 0 0 0 0 0 0 0 0 1000 0 0 0 0 0 0 0 2 998 0 0 0 0 0 0 0 0 1000 0 0 0 0 0 0
0 1 999 0 0 0 0 0 0 0 0 1000 0 0 0 0 0 0 0 2 998 0 0 0 0 0 0 0 0 1000 0 0 0 0 0 0 0 0 1000 0 0 0 0 0 0 0 0 1000 0 0 0 0 0 0 0 0 1000 0 0 0 0 0 0
0 2 998 0 0 0 0 0 0 0 1 999 0 0 0 0 0 0 0 1 999 0 0 0 0 0 0 0 0 1000 0 0 0 0 0 0 0 0 1000 0 0 0 0 0 0 0 2 998 0 0 0 0 0 0 0 0 1000 0 0 0 0 0 0
0 0 1000 0 0 0 0 0 0 0 1 999 0 0 0 0 0 0 0 0 1000 0 0 0 0 0 0 0 0 1000 0 0 0 0 0 0 0 0 1000 0 0 0 0 0 0 0 0 1000 0 0 0 0 0 0 0 1 999 0 0 0 0 0 0
0 1 999 0 0 0 0 0 0 0 2 998 0 0 0 0 0 0 0 2 998 0 0 0 0 0 0 0 0 1000 0 0 0 0 0 0 0 0 1000 0 0 0 0 0 0 0 1 999 0 0 0 0 0 0 0 0 1000 0 0 0 0 0 0
0 0 1000 0 0 0 0 0 0 0 1 999 0 0 0 0 0 0 0 1 999 0 0 0 0 0 0 0 0 1000 0 0 0 0 0 0 0 0 1000 0 0 0 0 0 0 0 2 998 0 0 0 0 0 0 0 0 1000 0 0 0 0 0 0
0 0 1000 0 0 0 0 0 0 0 1 999 0 0 0 0 0 0 0 0 1000 0 0 0 0 0 0 0 0 1000 0 0 0 0 0 0 0 1 999 0 0 0 0 0 0 0 0 1000 0 0 0 0 0 0 0 1 999 0 0 0 0 0 0
0 1 999 0 0 0 0 0 0 0 0 1000 0 0 0 0 0 0 0 2 998 0 0 0 0 0 0 0 0 1000 0 0 0 0 0 0 0 1 999 0 0 0 0 0 0 0 0 1000 0 0 0 0 0 0 0 1 999 0 0 0 0 0 0
0 0 1000 0 0 0 0 0 0 0 0 1000 0 0 0 0 0 0 0 0 1000 0 0 0 0 0 0 0 0 1000 0 0 0 0 0 0 0 0 1000 0 0 0 0 0 0 0 1 999 0 0 0 0 0 0 0 1 999 0 0 0 0 0 0
0 1 999 0 0 0 0 0 0 0 0 1000 0 0 0 0 0 0 0 1 999 0 0 0 0 0 0 0 1 999 0 0 0 0 0 0 0 0 1000 0 0 0 0 0 0 0 0 1000 0 0 0 0 0 0 0 0 1000 0 0 0 0 0 0
0 0 1000 0 0 0 0 0 0 0 0 1000 0 0 0 0 0 0 0 0 1000 0 0 0 0 0 0 0 0 1000 0 0 0 0 0 0 0 0 1000 0 0 0 0 0 0 0 0 1000 0 0 0 0 0 0 0 0 1000 0 0 0 0 0 0
0 0 1000 0 0 0 0 0 0 0 0 1000 0 0 0 0 0 0 0 0 1000 0 0 0 0 0 0 0 1 999 0 0 0 0 0 0 0 2 998 0 0 0 0 0 0 0 2 998 0 0 0 0 0 0 0 0 1000 0 0 0 0 0 0
0 0 1000 0 0 0 0 0 0 0 0 1000 0 0 0 0 0 0 0 0 1000 0 0 0 0 0 0 0 0 1000 0 0 0 0 0 0 0 0 1000 0 0 0 0 0 0 0 0 1000 0 0 0 0 0 0 0 1 999 0 0 0 0 0 0
0 0 1000 0 0 0 0 0 0 0 1 999 0 0 0 0 0 0 0 0 1000 0 0 0 0 0 0 0 0 1000 0 0 0 0 0 0 0 1 999 0 0 0 0 0 0 0 2 998 0 0 0 0 0 0 0 0 1000 0 0 0 0 0 0
0 0 1000 0 0 0 0 0 0 0 0 1000 0 0 0 0 0 0 0 1 999 0 0 0 0 0 0 0 0 1000 0 0 0 0 0 0 0 0 1000 0 0 0 0 0 0 0 0 1000 0 0 0 0 0 0 0 0 1000 0 0 0 0 0 0
0 0 1000 0 0 0 0 0 0 0 0 1000 0 0 0 0 0 0 0 0 1000 0 0 0 0 0 0 0 1 999 0 0 0 0 0 0 0 0 1000 0 0 0 0 0 0 0 0 1000 0 0 0 0 0 0 0 1 999 0 0 0 0 0 0
0 0 1000 0 0 0 0 0 0 0 0 1000 0 0 0 0 0 0 0 0 1000 0 0 0 0 0 0 0 1 999 0 0 0 0 0 0 0 1 999 0 0 0 0 0 0 0 0 1000 0 0 0 0 0 0 0 0 1000 0 0 0 0 0 0
0 0 1000 0 0 0 0 0 0 0 1 999 0 0 0 0 0 0 0 0 1000 0 0 0 0 0 0 0 0 1000 0 0 0 0 0 0 0 0 1000 0 0 0 0 0 0 0 0 1000 0 0 0 0 0 0 0 2 998 0 0 0 0 0 0
0 0 1000 0 0 0 0 0 0 0 0 1000 0 0 0 0 0 0 0 1 999 0 0 0 0 0 0 0 0 1000 0 0 0 0 0 0 0 1 999 0 0 0 0 0 0 0 0 1000 0 0 0 0 0 0 0 1 999 0 0 0 0 0 0
0 0 1000 0 0 0 0 0 0 0 0 1000 0 0 0 0 0 0 0 0 1000 0 0 0 0 0 0 0 0 1000 0 0 0 0 0 0 0 0 1000 0 0 0 0 0 0 0 0 1000 0 0 0 0 0 0 0 0 1000 0 0 0 0 0 0
0 0 1000 0 0 0 0 0 0 0 0 1000 0 0 0 0 0 0 0 0 1000 0 0 0 0 0 0 0 0 1000 0 0 0 0 0 0 0 0 1000 0 0 0 0 0 0 0 0 1000 0 0 0 0 0 0 0 0 1000 0 0 0 0 0 0
0 1 999 0 0 0 0 0 0 0 0 1000 0 0 0 0 0 0 0 0 1000 0 0 0 0 0 0 0 1 999 0 0 0 0 0 0 0 0 1000 0 0 0 0 0 0 0 0 1000 0 0 0 0 0 0 0 0 1000 0 0 0 0 0 0
0 0 1000 0 0 0 0 0 0 0 0 1000 0 0 0 0 0 0 0 1 999 0 0 0 0 0 0 0 0 1000 0 0 0 0 0 0 0 0 1000 0 0 0 0 0 0 0 0 1000 0 0 0 0 0 0 0 0 1000 0 0 0 0 0 0
0 1 999 0 0 0 0 0 0 0 0 1000 0 0 0 0 0 0 0 0 1000 0 0 0 0 0 0 0 0 1000 0 0 0 0 0 0 0 0 1000 0 0 0 0 0 0 0 0 1000 0 0 0 0 0 0 0 0 1000 0 0 0 0 0 0
0 0 1000 0 0 0 0 0 0 0 1 999 0 0 0 0 0 0 0 0 1000 0 0 0 0 0 0 0 0 1000 0 0 0 0 0 0 0 0 1000 0 0 0 0 0 0 0 0 1000 0 0 0 0 0 0 0 0 1000 0 0 0 0 0 0
0 0 1000 0 0 0 0 0 0 0 0 1000 0 0 0 0 0 0 0 0 1000 0 0 0 0 0 0 0 0 1000 0 0 0 0 0 0 0 0 1000 0 0 0 0 0 0 0 0 1000 0 0 0 0 0 0 0 0 1000 0 0 0 0 0 0
0 0 1000 0 0 0 0 0 0 0 0 1000 0 0 0 0 0 0 0 0 1000 0 0 0 0 0 0 0 0 1000 0 0 0 0 0 0 0 0 1000 0 0 0 0 0 0 0 0 1000 0 0 0 0 0 0 0 0 1000 0 0 0 0 0 0
0 0 1000 0 0 0 0 0 0 0 0 1000 0 0 0 0 0 0 0 0 1000 0 0 0 0 0 0 0 0 1000 0 0 0 0 0 0 0 0 1000 0 0 0 0 0 0 0 0 1000 0 0 0 0 0 0 0 0 1000 0 0 0 0 0 0
0 0 1000 0 0 0 0 0 0 0 0 1000 0 0 0 0 0 0 0 0 1000 0 0 0 0 0 0 0 0 1000 0 0 0 0 0 0 0 0 1000 0 0 0 0 0 0 0 0 1000 0 0 0 0 0 0 0 0 1000 0 0 0 0 0 0
0 0 1000 0 0 0 0 0 0 0 0 1000 0 0 0 0 0 0 0 1 999 0 0 0 0 0 0 0 0 1000 0 0 0 0 0 0 0 0 1000 0 0 0 0 0 0 0 0 1000 0 0 0 0 0 0 0 1 999 0 0 0 0 0 0
0 0 1000 0 0 0 0 0 0 0 0 1000 0 0 0 0 0 0 0 0 1000 0 0 0 0 0 0 0 0 1000 0 0 0 0 0 0 0 0 1000 0 0 0 0 0 0 0 1 999 0 0 0 0 0 0 0 0 1000 0 0 0 0 0 0
0 0 1000 0 0 0 0 0 0 0 0 1000 0 0 0 0 0 0 0 0 1000 0 0 0 0 0 0 0 0 1000 0 0 0 0 0 0 0 0 1000 0 0 0 0 0 0 0 0 1000 0 0 0 0 0 0 0 0 1000 0 0 0 0 0 0
0 0 1000 0 0 0 0 0 0 0 0 1000 0 0 0 0 0 0 0 0 1000 0 0 0 0 0 0 0 0 1000 0 0 0 0 0 0 0 0 1000 0 0 0 0 0 0 0 0 1000 0 0 0 0 0 0 0 0 1000 0 0 0 0 0 0
0 0 1000 0 0 0 0 0 0 0 0 1000 0 0 0 0 0 0 0 0 1000 0 0 0 0 0 0 0 0 1000 0 0 0 0 0 0 0 0 1000 0 0 0 0 0 0 0 0 1000 0 0 0 0 0 0 0 0 1000 0 0 0 0 0 0
0 0 1000 0 0 0 0 0 0 0 1 999 0 0 0 0 0 0 0 0 1000 0 0 0 0 0 0 0 0 1000 0 0 0 0 0 0 0 0 1000 0 0 0 0 0 0 0 0 1000 0 0 0 0 0 0 0 0 1000 0 0 0 0 0 0
0 0 1000 0 0 0 0 0 0 0 0 1000 0 0 0 0 0 0 0 0 1000 0 0 0 0 0 0 0 0 1000 0 0 0 0 0 0 0 0 1000 0 0 0 0 0 0 0 0 1000 0 0 0 0 0 0 0 0 1000 0 0 0 0 0 0
0 1 999 0 0 0 0 0 0 0 0 1000 0 0 0 0 0 0 0 1 999 0 0 0 0 0 0 0 0 1000 0 0 0 0 0 0 0 0 1000 0 0 0 0 0 0 0 0 1000 0 0 0 0 0 0 0 0 1000 0 0 0 0 0 0
0 0 1000 0 0 0 0 0 0 0 0 1000 0 0 0 0 0 0 0 1 999 0 0 0 0 0 0 0 0 1000 0 0 0 0 0 0 0 0 1000 0 0 0 0 0 0 0 0 1000 0 0 0 0 0 0 0 0 1000 0 0 0 0 0 0
0 0 1000 0 0 0 0 0 0 0 0 1000 0 0 0 0 0 0 0 0 1000 0 0 0 0 0 0 0 0 1000 0 0 0 0 0 0 0 0 1000 0 0 0 0 0 0 0 0 1000 0 0 0 0 0 0 0 0 1000 0 0 0 0 0 0
0 1 999 0 0 0 0 0 0 0 0 1000 0 0 0 0 0 0 0 0 1000 0 0 0 0 0 0 0 0 1000 0 0 0 0 0 0 0 0 1000 0 0 0 0 0 0 0 0 1000 0 0 0 0 0 0 0 0 1000 0 0 0 0 0 0
0 0 1000 0 0 0 0 0 0 0 1 999 0 0 0 0 0 0 0 0 1000 0 0 0 0 0 0 0 0 1000 0 0 0 0 0 0 0 0 1000 0 0 0 0 0 0 0 0 1000 0 0 0 0 0 0 0 0 1000 0 0 0 0 0 0
0 0 1000 0 0 0 0 0 0 0 0 1000 0 0 0 0 0 0 0 0 1000 0 0 0 0 0 0 0 0 1000 0 0 0 0 0 0 0 0 1000 0 0 0 0 0 0 0 0 1000 0 0 0 0 0 0 0 0 1000 0 0 0 0 0 0
0 2 998 0 0 0 0 0 0 0 1 999 0 0 0 0 0 0 0 1 999 0 0 0 0 0 0 0 0 1000 0 0 0 0 0 0 0 0 1000 0 0 0 0 0 0 0 0 1000 0 0 0 0 0 0 0 0 1000 0 0 0 0 0 0
0 0 1000 0 0 0 0 0 0 0 0 1000 0 0 0 0 0 0 0 0 1000 0 0 0 0 0 0 0 0 1000 0 0 0 0 0 0 0 0 1000 0 0 0 0 0 0 0 0 1000 0 0 0 0 0 0 0 0 1000 0 0 0 0 0 0
0 0 1000 0 0 0 0 0 0 0 0 1000 0 0 0 0 0 0 0 0 1000 0 0 0 0 0 0 0 0 1000 0 0 0 0 0 0 0 0 1000 0 0 0 0 0 0 0 0 1000 0 0 0 0 0 0 0 0 1000 0 0 0 0 0 0
0 0 1000 0 0 0 0 0 0 0 0 1000 0 0 0 0 0 0 0 0 1000 0 0 0 0 0 0 0 0 1000 0 0 0 0 0 0 0 0 1000 0 0 0 0 0 0 0 0 1000 0 0 0 0 0 0 0 1 999 0 0 0 0 0 0
