998 2 0 0 0 0 0 0 0 997 3 0 0 0 0 0 0 0 997 3 0 0 0 0 0 0 0 998 2 0 0 0 0 0 0 0 997 3 0 0 0 0 0 0 0 997 3 0 0 0 0 0 0 0 1000 0 0 0 0 0 0 0 0
974 26 0 0 0 0 0 0 0 982 18 0 0 0 0 0 0 0 983 17 0 0 0 0 0 0 0 985 15 0 0 0 0 0 0 0 982 18 0 0 0 0 0 0 0 982 18 0 0 0 0 0 0 0 983 17 0 0 0 0 0 0 0
970 30 0 0 0 0 0 0 0 967 33 0 0 0 0 0 0 0 975 25 0 0 0 0 0 0 0 972 28 0 0 0 0 0 0 0 968 32 0 0 0 0 0 0 0 971 29 0 0 0 0 0 0 0 971 29 0 0 0 0 0 0 0
973 27 0 0 0 0 0 0 0 980 20 0 0 0 0 0 0 0 984 16 0 0 0 0 0 0 0 968 32 0 0 0 0 0 0 0 976 24 0 0 0 0 0 0 0 978 22 0 0 0 0 0 0 0 975 25 0 0 0 0 0 0 0
940 60 0 0 0 0 0 0 0 948 52 0 0 0 0 0 0 0 958 42 0 0 0 0 0 0 0 952 48 0 0 0 0 0 0 0 959 41 0 0 0 0 0 0 0 941 59 0 0 0 0 0 0 0 932 68 0 0 0 0 0 0 0
931 69 0 0 0 0 0 0 0 926 74 0 0 0 0 0 0 0 925 75 0 0 0 0 0 0 0 910 90 0 0 0 0 0 0 0 919 81 0 0 0 0 0 0 0 930 70 0 0 0 0 0 0 0 931 69 0 0 0 0 0 0 0
922 78 0 0 0 0 0 0 0 920 80 0 0 0 0 0 0 0 926 74 0 0 0 0 0 0 0 913 87 0 0 0 0 0 0 0 917 83 0 0 0 0 0 0 0 921 79 0 0 0 0 0 0 0 930 70 0 0 0 0 0 0 0
888 112 0 0 0 0 0 0 0 886 114 0 0 0 0 0 0 0 887 113 0 0 0 0 0 0 0 894 106 0 0 0 0 0 0 0 884 116 0 0 0 0 0 0 0 877 123 0 0 0 0 0 0 0 888 112 0 0 0 0 0 0 0
842 158 0 0 0 0 0 0 0 845 155 0 0 0 0 0 0 0 858 142 0 0 0 0 0 0 0 861 139 0 0 0 0 0 0 0 841 159 0 0 0 0 0 0 0 852 148 0 0 0 0 0 0 0 857 143 0 0 0 0 0 0 0
821 179 0 0 0 0 0 0 0 822 178 0 0 0 0 0 0 0 845 155 0 0 0 0 0 0 0 843 157 0 0 0 0 0 0 0 850 150 0 0 0 0 0 0 0 833 167 0 0 0 0 0 0 0 834 166 0 0 0 0 0 0 0
806 194 0 0 0 0 0 0 0 815 185 0 0 0 0 0 0 0 828 172 0 0 0 0 0 0 0 818 182 0 0 0 0 0 0 0 802 198 0 0 0 0 0 0 0 806 194 0 0 0 0 0 0 0 815 185 0 0 0 0 0 0 0
767 233 0 0 0 0 0 0 0 778 222 0 0 0 0 0 0 0 763 237 0 0 0 0 0 0 0 792 208 0 0 0 0 0 0 0 751 249 0 0 0 0 0 0 0 757 243 0 0 0 0 0 0 0 767 233 0 0 0 0 0 0 0
762 238 0 0 0 0 0 0 0 755 245 0 0 0 0 0 0 0 767 233 0 0 0 0 0 0 0 755 245 0 0 0 0 0 0 0 753 247 0 0 0 0 0 0 0 751 249 0 0 0 0 0 0 0 739 261 0 0 0 0 0 0 0
712 288 0 0 0 0 0 0 0 732 268 0 0 0 0 0 0 0 730 270 0 0 0 0 0 0 0 741 259 0 0 0 0 0 0 0 760 240 0 0 0 0 0 0 0 755 245 0 0 0 0 0 0 0 743 257 0 0 0 0 0 0 0
710 290 0 0 0 0 0 0 0 709 291 0 0 0 0 0 0 0 733 267 0 0 0 0 0 0 0 687 313 0 0 0 0 0 0 0 709 291 0 0 0 0 0 0 0 690 310 0 0 0 0 0 0 0 689 311 0 0 0 0 0 0 0
688 312 0 0 0 0 0 0 0 665 335 0 0 0 0 0 0 0 675 325 0 0 0 0 0 0 0 659 341 0 0 0 0 0 0 0 647 353 0 0 0 0 0 0 0 669 331 0 0 0 0 0 0 0 648 352 0 0 0 0 0 0 0
654 346 0 0 0 0 0 0 0 649 351 0 0 0 0 0 0 0 651 349 0 0 0 0 0 0 0 671 329 0 0 0 0 0 0 0 677 323 0 0 0 0 0 0 0 648 352 0 0 0 0 0 0 0 655 345 0 0 0 0 0 0 0
631 369 0 0 0 0 0 0 0 639 361 0 0 0 0 0 0 0 619 381 0 0 0 0 0 0 0 621 379 0 0 0 0 0 0 0 618 382 0 0 0 0 0 0 0 631 369 0 0 0 0 0 0 0 623 377 0 0 0 0 0 0 0
627 373 0 0 0 0 0 0 0 610 390 0 0 0 0 0 0 0 619 381 0 0 0 0 0 0 0 613 387 0 0 0 0 0 0 0 619 381 0 0 0 0 0 0 0 612 388 0 0 0 0 0 0 0 614 386 0 0 0 0 0 0 0
621 379 0 0 0 0 0 0 0 601 399 0 0 0 0 0 0 0 584 416 0 0 0 0 0 0 0 552 448 0 0 0 0 0 0 0 595 405 0 0 0 0 0 0 0 592 408 0 0 0 0 0 0 0 587 413 0 0 0 0 0 0 0
558 442 0 0 0 0 0 0 0 552 448 0 0 0 0 0 0 0 523 477 0 0 0 0 0 0 0 549 451 0 0 0 0 0 0 0 568 432 0 0 0 0 0 0 0 564 436 0 0 0 0 0 0 0 578 422 0 0 0 0 0 0 0
521 479 0 0 0 0 0 0 0 519 481 0 0 0 0 0 0 0 538 462 0 0 0 0 0 0 0 517 483 0 0 0 0 0 0 0 517 483 0 0 0 0 0 0 0 531 469 0 0 0 0 0 0 0 533 467 0 0 0 0 0 0 0
507 493 0 0 0 0 0 0 0 528 472 0 0 0 0 0 0 0 512 488 0 0 0 0 0 0 0 514 486 0 0 0 0 0 0 0 497 503 0 0 0 0 0 0 0 493 507 0 0 0 0 0 0 0 500 500 0 0 0 0 0 0 0
493 507 0 0 0 0 0 0 0 492 508 0 0 0 0 0 0 0 472 528 0 0 0 0 0 0 0 525 475 0 0 0 0 0 0 0 474 526 0 0 0 0 0 0 0 503 497 0 0 0 0 0 0 0 500 500 0 0 0 0 0 0 0
499 501 0 0 0 0 0 0 0 498 502 0 0 0 0 0 0 0 504 496 0 0 0 0 0 0 0 510 490 0 0 0 0 0 0 0 469 531 0 0 0 0 0 0 0 489 511 0 0 0 0 0 0 0 498 502 0 0 0 0 0 0 0
479 521 0 0 0 0 0 0 0 474 526 0 0 0 0 0 0 0 426 574 0 0 0 0 0 0 0 446 554 0 0 0 0 0 0 0 464 536 0 0 0 0 0 0 0 511 489 0 0 0 0 0 0 0 453 547 0 0 0 0 0 0 0
429 571 0 0 0 0 0 0 0 401 599 0 0 0 0 0 0 0 411 589 0 0 0 0 0 0 0 395 605 0 0 0 0 0 0 0 440 560 0 0 0 0 0 0 0 422 578 0 0 0 0 0 0 0 423 577 0 0 0 0 0 0 0
396 604 0 0 0 0 0 0 0 428 572 0 0 0 0 0 0 0 432 568 0 0 0 0 0 0 0 391 609 0 0 0 0 0 0 0 421 579 0 0 0 0 0 0 0 430 570 0 0 0 0 0 0 0 435 565 0 0 0 0 0 0 0
399 601 0 0 0 0 0 0 0 404 596 0 0 0 0 0 0 0 389 611 0 0 0 0 0 0 0 411 589 0 0 0 0 0 0 0 395 605 0 0 0 0 0 0 0 392 608 0 0 0 0 0 0 0 394 606 0 0 0 0 0 0 0
385 615 0 0 0 0 0 0 0 379 621 0 0 0 0 0 0 0 398 602 0 0 0 0 0 0 0 393 607 0 0 0 0 0 0 0 372 628 0 0 0 0 0 0 0 393 607 0 0 0 0 0 0 0 393 607 0 0 0 0 0 0 0
376 624 0 0 0 0 0 0 0 392 608 0 0 0 0 0 0 0 383 617 0 0 0 0 0 0 0 370 630 0 0 0 0 0 0 0 353 647 0 0 0 0 0 0 0 373 627 0 0 0 0 0 0 0 361 639 0 0 0 0 0 0 0
332 668 0 0 0 0 0 0 0 351 649 0 0 0 0 0 0 0 329 671 0 0 0 0 0 0 0 339 661 0 0 0 0 0 0 0 377 623 0 0 0 0 0 0 0 337 663 0 0 0 0 0 0 0 331 669 0 0 0 0 0 0 0
317 683 0 0 0 0 0 0 0 317 683 0 0 0 0 0 0 0 308 692 0 0 0 0 0 0 0 341 659 0 0 0 0 0 0 0 336 664 0 0 0 0 0 0 0 325 675 0 0 0 0 0 0 0 323 677 0 0 0 0 0 0 0
316 684 0 0 0 0 0 0 0 313 687 0 0 0 0 0 0 0 314 686 0 0 0 0 0 0 0 325 675 0 0 0 0 0 0 0 328 672 0 0 0 0 0 0 0 304 696 0 0 0 0 0 0 0 313 687 0 0 0 0 0 0 0
302 698 0 0 0 0 0 0 0 299 701 0 0 0 0 0 0 0 307 693 0 0 0 0 0 0 0 310 690 0 0 0 0 0 0 0 306 694 0 0 0 0 0 0 0 308 692 0 0 0 0 0 0 0 333 667 0 0 0 0 0 0 0
270 730 0 0 0 0 0 0 0 301 699 0 0 0 0 0 0 0 293 707 0 0 0 0 0 0 0 279 721 0 0 0 0 0 0 0 325 675 0 0 0 0 0 0 0 287 713 0 0 0 0 0 0 0 278 722 0 0 0 0 0 0 0
273 727 0 0 0 0 0 0 0 298 702 0 0 0 0 0 0 0 273 727 0 0 0 0 0 0 0 276 724 0 0 0 0 0 0 0 271 729 0 0 0 0 0 0 0 270 730 0 0 0 0 0 0 0 272 728 0 0 0 0 0 0 0
261 739 0 0 0 0 0 0 0 238 762 0 0 0 0 0 0 0 248 752 0 0 0 0 0 0 0 274 726 0 0 0 0 0 0 0 257 743 0 0 0 0 0 0 0 259 741 0 0 0 0 0 0 0 256 744 0 0 0 0 0 0 0
234 766 0 0 0 0 0 0 0 250 750 0 0 0 0 0 0 0 248 752 0 0 0 0 0 0 0 252 748 0 0 0 0 0 0 0 225 775 0 0 0 0 0 0 0 238 762 0 0 0 0 0 0 0 238 762 0 0 0 0 0 0 0
216 784 0 0 0 0 0 0 0 250 750 0 0 0 0 0 0 0 229 771 0 0 0 0 0 0 0 229 771 0 0 0 0 0 0 0 243 757 0 0 0 0 0 0 0 262 738 0 0 0 0 0 0 0 220 780 0 0 0 0 0 0 0
238 762 0 0 0 0 0 0 0 218 782 0 0 0 0 0 0 0 242 758 0 0 0 0 0 0 0 237 763 0 0 0 0 0 0 0 205 795 0 0 0 0 0 0 0 243 757 0 0 0 0 0 0 0 231 769 0 0 0 0 0 0 0
237 763 0 0 0 0 0 0 0 221 779 0 0 0 0 0 0 0 231 769 0 0 0 0 0 0 0 213 787 0 0 0 0 0 0 0 205 795 0 0 0 0 0 0 0 242 758 0 0 0 0 0 0 0 236 764 0 0 0 0 0 0 0
211 789 0 0 0 0 0 0 0 212 788 0 0 0 0 0 0 0 199 801 0 0 0 0 0 0 0 211 789 0 0 0 0 0 0 0 218 782 0 0 0 0 0 0 0 224 776 0 0 0 0 0 0 0 215 785 0 0 0 0 0 0 0
205 795 0 0 0 0 0 0 0 191 809 0 0 0 0 0 0 0 189 811 0 0 0 0 0 0 0 182 818 0 0 0 0 0 0 0 224 776 0 0 0 0 0 0 0 206 794 0 0 0 0 0 0 0 207 793 0 0 0 0 0 0 0
207 793 0 0 0 0 0 0 0 203 797 0 0 0 0 0 0 0 194 806 0 0 0 0 0 0 0 192 808 0 0 0 0 0 0 0 191 809 0 0 0 0 0 0 0 166 834 0 0 0 0 0 0 0 203 797 0 0 0 0 0 0 0
172 828 0 0 0 0 0 0 0 187 813 0 0 0 0 0 0 0 175 825 0 0 0 0 0 0 0 181 819 0 0 0 0 0 0 0 187 813 0 0 0 0 0 0 0 203 797 0 0 0 0 0 0 0 180 820 0 0 0 0 0 0 0
179 821 0 0 0 0 0 0 0 171 829 0 0 0 0 0 0 0 166 834 0 0 0 0 0 0 0 170 830 0 0 0 0 0 0 0 159 841 0 0 0 0 0 0 0 189 811 0 0 0 0 0 0 0 191 809 0 0 0 0 0 0 0
169 831 0 0 0 0 0 0 0 154 846 0 0 0 0 0 0 0 181 819 0 0 0 0 0 0 0 166 834 0 0 0 0 0 0 0 156 844 0 0 0 0 0 0 0 184 816 0 0 0 0 0 0 0 144 856 0 0 0 0 0 0 0
137 863 0 0 0 0 0 0 0 154 846 0 0 0 0 0 0 0 141 859 0 0 0 0 0 0 0 140 860 0 0 0 0 0 0 0 155 845 0 0 0 0 0 0 0 162 838 0 0 0 0 0 0 0 165 835 0 0 0 0 0 0 0
122 878 0 0 0 0 0 0 0 144 856 0 0 0 0 0 0 0 119 881 0 0 0 0 0 0 0 154 846 0 0 0 0 0 0 0 142 858 0 0 0 0 0 0 0 152 848 0 0 0 0 0 0 0 140 860 0 0 0 0 0 0 0
129 871 0 0 0 0 0 0 0 114 886 0 0 0 0 0 0 0 135 865 0 0 0 0 0 0 0 147 853 0 0 0 0 0 0 0 148 852 0 0 0 0 0 0 0 137 863 0 0 0 0 0 0 0 121 879 0 0 0 0 0 0 0
128 872 0 0 0 0 0 0 0 125 875 0 0 0 0 0 0 0 136 864 0 0 0 0 0 0 0 136 864 0 0 0 0 0 0 0 134 866 0 0 0 0 0 0 0 138 862 0 0 0 0 0 0 0 120 880 0 0 0 0 0 0 0
132 868 0 0 0 0 0 0 0 121 879 0 0 0 0 0 0 0 148 852 0 0 0 0 0 0 0 126 874 0 0 0 0 0 0 0 151 849 0 0 0 0 0 0 0 126 874 0 0 0 0 0 0 0 131 869 0 0 0 0 0 0 0
112 888 0 0 0 0 0 0 0 115 885 0 0 0 0 0 0 0 117 883 0 0 0 0 0 0 0 118 882 0 0 0 0 0 0 0 128 872 0 0 0 0 0 0 0 111 889 0 0 0 0 0 0 0 123 877 0 0 0 0 0 0 0
111 889 0 0 0 0 0 0 0 119 881 0 0 0 0 0 0 0 116 884 0 0 0 0 0 0 0 115 885 0 0 0 0 0 0 0 116 884 0 0 0 0 0 0 0 109 891 0 0 0 0 0 0 0 116 884 0 0 0 0 0 0 0
112 888 0 0 0 0 0 0 0 93 907 0 0 0 0 0 0 0 115 885 0 0 0 0 0 0 0 112 888 0 0 0 0 0 0 0 124 876 0 0 0 0 0 0 0 103 897 0 0 0 0 0 0 0 115 885 0 0 0 0 0 0 0
87 913 0 0 0 0 0 0 0 87 913 0 0 0 0 0 0 0 106 894 0 0 0 0 0 0 0 110 890 0 0 0 0 0 0 0 94 906 0 0 0 0 0 0 0 97 903 0 0 0 0 0 0 0 108 892 0 0 0 0 0 0 0
80 920 0 0 0 0 0 0 0 112 888 0 0 0 0 0 0 0 98 902 0 0 0 0 0 0 0 86 914 0 0 0 0 0 0 0 102 898 0 0 0 0 0 0 0 100 900 0 0 0 0 0 0 0 91 909 0 0 0 0 0 0 0
75 925 0 0 0 0 0 0 0 98 902 0 0 0 0 0 0 0 94 906 0 0 0 0 0 0 0 105 895 0 0 0 0 0 0 0 102 898 0 0 0 0 0 0 0 89 911 0 0 0 0 0 0 0 95 905 0 0 0 0 0 0 0
70 930 0 0 0 0 0 0 0 91 909 0 0 0 0 0 0 0 83 917 0 0 0 0 0 0 0 84 916 0 0 0 0 0 0 0 86 914 0 0 0 0 0 0 0 91 909 0 0 0 0 0 0 0 88 912 0 0 0 0 0 0 0
91 909 0 0 0 0 0 0 0 74 926 0 0 0 0 0 0 0 80 920 0 0 0 0 0 0 0 72 928 0 0 0 0 0 0 0 83 917 0 0 0 0 0 0 0 84 916 0 0 0 0 0 0 0 87 913 0 0 0 0 0 0 0
80 920 0 0 0 0 0 0 0 84 916 0 0 0 0 0 0 0 59 941 0 0 0 0 0 0 0 88 912 0 0 0 0 0 0 0 86 914 0 0 0 0 0 0 0 92 908 0 0 0 0 0 0 0 88 912 0 0 0 0 0 0 0
69 931 0 0 0 0 0 0 0 85 915 0 0 0 0 0 0 0 77 923 0 0 0 0 0 0 0 65 935 0 0 0 0 0 0 0 62 938 0 0 0 0 0 0 0 81 919 0 0 0 0 0 0 0 74 926 0 0 0 0 0 0 0
75 925 0 0 0 0 0 0 0 79 921 0 0 0 0 0 0 0 75 925 0 0 0 0 0 0 0 82 918 0 0 0 0 0 0 0 73 927 0 0 0 0 0 0 0 75 925 0 0 0 0 0 0 0 71 929 0 0 0 0 0 0 0
71 929 0 0 0 0 0 0 0 79 921 0 0 0 0 0 0 0 55 945 0 0 0 0 0 0 0 72 928 0 0 0 0 0 0 0 70 930 0 0 0 0 0 0 0 53 947 0 0 0 0 0 0 0 69 931 0 0 0 0 0 0 0
69 931 0 0 0 0 0 0 0 63 937 0 0 0 0 0 0 0 56 944 0 0 0 0 0 0 0 57 943 0 0 0 0 0 0 0 60 940 0 0 0 0 0 0 0 72 928 0 0 0 0 0 0 0 68 932 0 0 0 0 0 0 0
54 946 0 0 0 0 0 0 0 59 941 0 0 0 0 0 0 0 73 927 0 0 0 0 0 0 0 70 930 0 0 0 0 0 0 0 72 928 0 0 0 0 0 0 0 49 951 0 0 0 0 0 0 0 64 936 0 0 0 0 0 0 0
63 937 0 0 0 0 0 0 0 61 939 0 0 0 0 0 0 0 52 948 0 0 0 0 0 0 0 41 959 0 0 0 0 0 0 0 60 940 0 0 0 0 0 0 0 54 946 0 0 0 0 0 0 0 52 948 0 0 0 0 0 0 0
61 939 0 0 0 0 0 0 0 56 944 0 0 0 0 0 0 0 50 950 0 0 0 0 0 0 0 59 941 0 0 0 0 0 0 0 52 948 0 0 0 0 0 0 0 50 950 0 0 0 0 0 0 0 56 944 0 0 0 0 0 0 0
47 953 0 0 0 0 0 0 0 50 950 0 0 0 0 0 0 0 64 936 0 0 0 0 0 0 0 53 947 0 0 0 0 0 0 0 55 945 0 0 0 0 0 0 0 45 955 0 0 0 0 0 0 0 45 955 0 0 0 0 0 0 0
38 962 0 0 0 0 0 0 0 49 951 0 0 0 0 0 0 0 56 944 0 0 0 0 0 0 0 48 952 0 0 0 0 0 0 0 40 960 0 0 0 0 0 0 0 38 962 0 0 0 0 0 0 0 55 945 0 0 0 0 0 0 0
58 942 0 0 0 0 0 0 0 50 950 0 0 0 0 0 0 0 43 957 0 0 0 0 0 0 0 45 955 0 0 0 0 0 0 0 34 966 0 0 0 0 0 0 0 46 954 0 0 0 0 0 0 0 43 957 0 0 0 0 0 0 0
48 952 0 0 0 0 0 0 0 29 971 0 0 0 0 0 0 0 29 971 0 0 0 0 0 0 0 37 963 0 0 0 0 0 0 0 38 962 0 0 0 0 0 0 0 37 963 0 0 0 0 0 0 0 45 955 0 0 0 0 0 0 0
37 963 0 0 0 0 0 0 0 41 959 0 0 0 0 0 0 0 52 948 0 0 0 0 0 0 0 39 961 0 0 0 0 0 0 0 39 961 0 0 0 0 0 0 0 42 958 0 0 0 0 0 0 0 34 966 0 0 0 0 0 0 0
45 955 0 0 0 0 0 0 0 41 959 0 0 0 0 0 0 0 36 964 0 0 0 0 0 0 0 32 968 0 0 0 0 0 0 0 43 957 0 0 0 0 0 0 0 28 972 0 0 0 0 0 0 0 43 957 0 0 0 0 0 0 0
38 962 0 0 0 0 0 0 0 39 961 0 0 0 0 0 0 0 43 957 0 0 0 0 0 0 0 42 958 0 0 0 0 0 0 0 35 965 0 0 0 0 0 0 0 37 963 0 0 0 0 0 0 0 39 961 0 0 0 0 0 0 0
36 964 0 0 0 0 0 0 0 33 967 0 0 0 0 0 0 0 46 954 0 0 0 0 0 0 0 40 960 0 0 0 0 0 0 0 38 962 0 0 0 0 0 0 0 34 966 0 0 0 0 0 0 0 35 965 0 0 0 0 0 0 0
30 970 0 0 0 0 0 0 0 27 973 0 0 0 0 0 0 0 30 970 0 0 0 0 0 0 0 26 974 0 0 0 0 0 0 0 38 962 0 0 0 0 0 0 0 34 966 0 0 0 0 0 0 0 33 967 0 0 0 0 0 0 0
33 967 0 0 0 0 0 0 0 26 974 0 0 0 0 0 0 0 48 952 0 0 0 0 0 0 0 32 968 0 0 0 0 0 0 0 28 972 0 0 0 0 0 0 0 42 958 0 0 0 0 0 0 0 39 961 0 0 0 0 0 0 0
32 968 0 0 0 0 0 0 0 18 982 0 0 0 0 0 0 0 32 968 0 0 0 0 0 0 0 23 977 0 0 0 0 0 0 0 40 960 0 0 0 0 0 0 0 28 972 0 0 0 0 0 0 0 29 971 0 0 0 0 0 0 0
23 977 0 0 0 0 0 0 0 25 975 0 0 0 0 0 0 0 23 977 0 0 0 0 0 0 0 25 975 0 0 0 0 0 0 0 27 973 0 0 0 0 0 0 0 27 973 0 0 0 0 0 0 0 25 975 0 0 0 0 0 0 0
24 976 0 0 0 0 0 0 0 19 981 0 0 0 0 0 0 0 23 977 0 0 0 0 0 0 0 20 980 0 0 0 0 0 0 0 24 976 0 0 0 0 0 0 0 24 976 0 0 0 0 0 0 0 24 976 0 0 0 0 0 0 0
25 975 0 0 0 0 0 0 0 23 977 0 0 0 0 0 0 0 34 966 0 0 0 0 0 0 0 26 974 0 0 0 0 0 0 0 21 979 0 0 0 0 0 0 0 27 973 0 0 0 0 0 0 0 34 966 0 0 0 0 0 0 0
24 976 0 0 0 0 0 0 0 28 972 0 0 0 0 0 0 0 18 982 0 0 0 0 0 0 0 22 978 0 0 0 0 0 0 0 16 984 0 0 0 0 0 0 0 26 974 0 0 0 0 0 0 0 19 981 0 0 0 0 0 0 0
19 981 0 0 0 0 0 0 0 22 978 0 0 0 0 0 0 0 38 962 0 0 0 0 0 0 0 29 971 0 0 0 0 0 0 0 21 979 0 0 0 0 0 0 0 23 977 0 0 0 0 0 0 0 20 980 0 0 0 0 0 0 0
26 974 0 0 0 0 0 0 0 15 985 0 0 0 0 0 0 0 19 981 0 0 0 0 0 0 0 20 980 0 0 0 0 0 0 0 25 975 0 0 0 0 0 0 0 18 982 0 0 0 0 0 0 0 23 977 0 0 0 0 0 0 0
28 972 0 0 0 0 0 0 0 18 982 0 0 0 0 0 0 0 22 978 0 0 0 0 0 0 0 20 980 0 0 0 0 0 0 0 22 978 0 0 0 0 0 0 0 27 973 0 0 0 0 0 0 0 23 977 0 0 0 0 0 0 0
18 982 0 0 0 0 0 0 0 27 973 0 0 0 0 0 0 0 21 979 0 0 0 0 0 0 0 19 981 0 0 0 0 0 0 0 21 979 0 0 0 0 0 0 0 19 981 0 0 0 0 0 0 0 23 977 0 0 0 0 0 0 0
16 984 0 0 0 0 0 0 0 18 982 0 0 0 0 0 0 0 20 980 0 0 0 0 0 0 0 19 981 0 0 0 0 0 0 0 16 984 0 0 0 0 0 0 0 26 974 0 0 0 0 0 0 0 17 983 0 0 0 0 0 0 0
16 984 0 0 0 0 0 0 0 23 977 0 0 0 0 0 0 0 23 977 0 0 0 0 0 0 0 11 989 0 0 0 0 0 0 0 16 984 0 0 0 0 0 0 0 13 987 0 0 0 0 0 0 0 13 987 0 0 0 0 0 0 0
21 979 0 0 0 0 0 0 0 15 985 0 0 0 0 0 0 0 17 983 0 0 0 0 0 0 0 20 980 0 0 0 0 0 0 0 14 986 0 0 0 0 0 0 0 17 983 0 0 0 0 0 0 0 18 982 0 0 0 0 0 0 0
10 990 0 0 0 0 0 0 0 21 979 0 0 0 0 0 0 0 17 983 0 0 0 0 0 0 0 15 985 0 0 0 0 0 0 0 16 984 0 0 0 0 0 0 0 22 978 0 0 0 0 0 0 0 19 981 0 0 0 0 0 0 0
12 988 0 0 0 0 0 0 0 15 985 0 0 0 0 0 0 0 17 983 0 0 0 0 0 0 0 11 989 0 0 0 0 0 0 0 13 987 0 0 0 0 0 0 0 11 989 0 0 0 0 0 0 0 12 988 0 0 0 0 0 0 0
11 989 0 0 0 0 0 0 0 6 994 0 0 0 0 0 0 0 17 983 0 0 0 0 0 0 0 19 981 0 0 0 0 0 0 0 18 982 0 0 0 0 0 0 0 16 984 0 0 0 0 0 0 0 14 986 0 0 0 0 0 0 0
11 989 0 0 0 0 0 0 0 16 984 0 0 0 0 0 0 0 13 987 0 0 0 0 0 0 0 13 987 0 0 0 0 0 0 0 10 990 0 0 0 0 0 0 0 16 984 0 0 0 0 0 0 0 7 993 0 0 0 0 0 0 0
15 985 0 0 0 0 0 0 0 7 993 0 0 0 0 0 0 0 13 987 0 0 0 0 0 0 0 19 981 0 0 0 0 0 0 0 15 985 0 0 0 0 0 0 0 4 996 0 0 0 0 0 0 0 9 991 0 0 0 0 0 0 0
11 989 0 0 0 0 0 0 0 8 992 0 0 0 0 0 0 0 14 986 0 0 0 0 0 0 0 14 986 0 0 0 0 0 0 0 15 985 0 0 0 0 0 0 0 14 986 0 0 0 0 0 0 0 12 988 0 0 0 0 0 0 0
5 995 0 0 0 0 0 0 0 9 991 0 0 0 0 0 0 0 15 985 0 0 0 0 0 0 0 14 986 0 0 0 0 0 0 0 11 989 0 0 0 0 0 0 0 8 992 0 0 0 0 0 0 0 13 987 0 0 0 0 0 0 0
9 991 0 0 0 0 0 0 0 11 989 0 0 0 0 0 0 0 17 983 0 0 0 0 0 0 0 10 990 0 0 0 0 0 0 0 9 991 0 0 0 0 0 0 0 9 991 0 0 0 0 0 0 0 7 993 0 0 0 0 0 0 0
10 990 0 0 0 0 0 0 0 9 991 0 0 0 0 0 0 0 16 984 0 0 0 0 0 0 0 14 986 0 0 0 0 0 0 0 10 990 0 0 0 0 0 0 0 11 989 0 0 0 0 0 0 0 13 987 0 0 0 0 0 0 0
8 992 0 0 0 0 0 0 0 8 992 0 0 0 0 0 0 0 7 993 0 0 0 0 0 0 0 10 990 0 0 0 0 0 0 0 4 996 0 0 0 0 0 0 0 10 990 0 0 0 0 0 0 0 12 988 0 0 0 0 0 0 0
10 990 0 0 0 0 0 0 0 11 989 0 0 0 0 0 0 0 5 995 0 0 0 0 0 0 0 5 995 0 0 0 0 0 0 0 18 982 0 0 0 0 0 0 0 2 998 0 0 0 0 0 0 0 8 992 0 0 0 0 0 0 0
5 995 0 0 0 0 0 0 0 11 989 0 0 0 0 0 0 0 5 995 0 0 0 0 0 0 0 5 995 0 0 0 0 0 0 0 11 989 0 0 0 0 0 0 0 6 994 0 0 0 0 0 0 0 7 993 0 0 0 0 0 0 0
5 995 0 0 0 0 0 0 0 9 991 0 0 0 0 0 0 0 9 991 0 0 0 0 0 0 0 5 995 0 0 0 0 0 0 0 10 990 0 0 0 0 0 0 0 5 995 0 0 0 0 0 0 0 3 997 0 0 0 0 0 0 0
10 990 0 0 0 0 0 0 0 4 996 0 0 0 0 0 0 0 7 993 0 0 0 0 0 0 0 6 994 0 0 0 0 0 0 0 7 993 0 0 0 0 0 0 0 11 989 0 0 0 0 0 0 0 5 995 0 0 0 0 0 0 0
5 995 0 0 0 0 0 0 0 15 985 0 0 0 0 0 0 0 5 995 0 0 0 0 0 0 0 6 994 0 0 0 0 0 0 0 3 997 0 0 0 0 0 0 0 8 992 0 0 0 0 0 0 0 3 997 0 0 0 0 0 0 0
8 992 0 0 0 0 0 0 0 3 997 0 0 0 0 0 0 0 4 996 0 0 0 0 0 0 0 11 989 0 0 0 0 0 0 0 7 993 0 0 0 0 0 0 0 4 996 0 0 0 0 0 0 0 6 994 0 0 0 0 0 0 0
5 995 0 0 0 0 0 0 0 4 996 0 0 0 0 0 0 0 12 988 0 0 0 0 0 0 0 7 993 0 0 0 0 0 0 0 6 994 0 0 0 0 0 0 0 3 997 0 0 0 0 0 0 0 7 993 0 0 0 0 0 0 0
10 990 0 0 0 0 0 0 0 9 991 0 0 0 0 0 0 0 8 992 0 0 0 0 0 0 0 6 994 0 0 0 0 0 0 0 10 990 0 0 0 0 0 0 0 7 993 0 0 0 0 0 0 0 5 995 0 0 0 0 0 0 0
8 992 0 0 0 0 0 0 0 6 994 0 0 0 0 0 0 0 9 991 0 0 0 0 0 0 0 4 996 0 0 0 0 0 0 0 2 998 0 0 0 0 0 0 0 10 990 0 0 0 0 0 0 0 5 995 0 0 0 0 0 0 0
9 991 0 0 0 0 0 0 0 2 998 0 0 0 0 0 0 0 5 995 0 0 0 0 0 0 0 3 997 0 0 0 0 0 0 0 1 999 0 0 0 0 0 0 0 1 999 0 0 0 0 0 0 0 3 997 0 0 0 0 0 0 0
6 994 0 0 0 0 0 0 0 8 992 0 0 0 0 0 0 0 5 995 0 0 0 0 0 0 0 9 991 0 0 0 0 0 0 0 2 998 0 0 0 0 0 0 0 4 996 0 0 0 0 0 0 0 6 994 0 0 0 0 0 0 0
3 997 0 0 0 0 0 0 0 4 996 0 0 0 0 0 0 0 5 995 0 0 0 0 0 0 0 3 997 0 0 0 0 0 0 0 10 990 0 0 0 0 0 0 0 6 994 0 0 0 0 0 0 0 8 992 0 0 0 0 0 0 0
2 998 0 0 0 0 0 0 0 3 997 0 0 0 0 0 0 0 3 997 0 0 0 0 0 0 0 6 994 0 0 0 0 0 0 0 7 993 0 0 0 0 0 0 0 7 993 0 0 0 0 0 0 0 10 990 0 0 0 0 0 0 0
3 997 0 0 0 0 0 0 0 2 998 0 0 0 0 0 0 0 0 1000 0 0 0 0 0 0 0 3 997 0 0 0 0 0 0 0 3 997 0 0 0 0 0 0 0 5 995 0 0 0 0 0 0 0 6 994 0 0 0 0 0 0 0
4 996 0 0 0 0 0 0 0 7 993 0 0 0 0 0 0 0 3 997 0 0 0 0 0 0 0 2 998 0 0 0 0 0 0 0 4 996 0 0 0 0 0 0 0 2 998 0 0 0 0 0 0 0 4 996 0 0 0 0 0 0 0
4 996 0 0 0 0 0 0 0 4 996 0 0 0 0 0 0 0 1 999 0 0 0 0 0 0 0 2 998 0 0 0 0 0 0 0 1 999 0 0 0 0 0 0 0 4 996 0 0 0 0 0 0 0 4 996 0 0 0 0 0 0 0
3 997 0 0 0 0 0 0 0 3 997 0 0 0 0 0 0 0 3 997 0 0 0 0 0 0 0 7 993 0 0 0 0 0 0 0 2 998 0 0 0 0 0 0 0 3 997 0 0 0 0 0 0 0 5 995 0 0 0 0 0 0 0
5 995 0 0 0 0 0 0 0 1 999 0 0 0 0 0 0 0 7 993 0 0 0 0 0 0 0 6 994 0 0 0 0 0 0 0 1 999 0 0 0 0 0 0 0 2 998 0 0 0 0 0 0 0 3 997 0 0 0 0 0 0 0
2 998 0 0 0 0 0 0 0 4 996 0 0 0 0 0 0 0 5 995 0 0 0 0 0 0 0 1 999 0 0 0 0 0 0 0 5 995 0 0 0 0 0 0 0 4 996 0 0 0 0 0 0 0 5 995 0 0 0 0 0 0 0
6 994 0 0 0 0 0 0 0 2 998 0 0 0 0 0 0 0 3 997 0 0 0 0 0 0 0 1 999 0 0 0 0 0 0 0 3 997 0 0 0 0 0 0 0 4 996 0 0 0 0 0 0 0 2 998 0 0 0 0 0 0 0
3 997 0 0 0 0 0 0 0 4 996 0 0 0 0 0 0 0 3 997 0 0 0 0 0 0 0 4 996 0 0 0 0 0 0 0 2 998 0 0 0 0 0 0 0 5 995 0 0 0 0 0 0 0 7 993 0 0 0 0 0 0 0
2 998 0 0 0 0 0 0 0 2 998 0 0 0 0 0 0 0 1 999 0 0 0 0 0 0 0 4 996 0 0 0 0 0 0 0 4 996 0 0 0 0 0 0 0 3 997 0 0 0 0 0 0 0 0 1000 0 0 0 0 0 0 0
2 998 0 0 0 0 0 0 0 2 998 0 0 0 0 0 0 0 0 1000 0 0 0 0 0 0 0 2 998 0 0 0 0 0 0 0 1 999 0 0 0 0 0 0 0 1 999 0 0 0 0 0 0 0 2 998 0 0 0 0 0 0 0
1 999 0 0 0 0 0 0 0 2 998 0 0 0 0 0 0 0 4 996 0 0 0 0 0 0 0 1 999 0 0 0 0 0 0 0 4 996 0 0 0 0 0 0 0 0 1000 0 0 0 0 0 0 0 4 996 0 0 0 0 0 0 0
1 999 0 0 0 0 0 0 0 0 1000 0 0 0 0 0 0 0 1 999 0 0 0 0 0 0 0 5 995 0 0 0 0 0 0 0 3 997 0 0 0 0 0 0 0 1 999 0 0 0 0 0 0 0 2 998 0 0 0 0 0 0 0
3 997 0 0 0 0 0 0 0 0 1000 0 0 0 0 0 0 0 2 998 0 0 0 0 0 0 0 0 1000 0 0 0 0 0 0 0 3 997 0 0 0 0 0 0 0 3 997 0 0 0 0 0 0 0 1 999 0 0 0 0 0 0 0
0 1000 0 0 0 0 0 0 0 1 999 0 0 0 0 0 0 0 2 998 0 0 0 0 0 0 0 1 999 0 0 0 0 0 0 0 0 1000 0 0 0 0 0 0 0 4 996 0 0 0 0 0 0 0 2 998 0 0 0 0 0 0 0
0 1000 0 0 0 0 0 0 0 2 998 0 0 0 0 0 0 0 3 997 0 0 0 0 0 0 0 2 998 0 0 0 0 0 0 0 2 998 0 0 0 0 0 0 0 2 998 0 0 0 0 0 0 0 1 999 0 0 0 0 0 0 0
2 998 0 0 0 0 0 0 0 3 997 0 0 0 0 0 0 0 0 1000 0 0 0 0 0 0 0 0 1000 0 0 0 0 0 0 0 3 997 0 0 0 0 0 0 0 0 1000 0 0 0 0 0 0 0 4 996 0 0 0 0 0 0 0
3 997 0 0 0 0 0 0 0 2 998 0 0 0 0 0 0 0 0 1000 0 0 0 0 0 0 0 0 1000 0 0 0 0 0 0 0 1 999 0 0 0 0 0 0 0 1 999 0 0 0 0 0 0 0 2 998 0 0 0 0 0 0 0
4 996 0 0 0 0 0 0 0 3 997 0 0 0 0 0 0 0 2 998 0 0 0 0 0 0 0 1 999 0 0 0 0 0 0 0 1 999 0 0 0 0 0 0 0 3 997 0 0 0 0 0 0 0 0 1000 0 0 0 0 0 0 0
0 1000 0 0 0 0 0 0 0 1 999 0 0 0 0 0 0 0 1 999 0 0 0 0 0 0 0 2 998 0 0 0 0 0 0 0 2 998 0 0 0 0 0 0 0 2 998 0 0 0 0 0 0 0 2 998 0 0 0 0 0 0 0
1 999 0 0 0 0 0 0 0 2 998 0 0 0 0 0 0 0 2 998 0 0 0 0 0 0 0 2 998 0 0 0 0 0 0 0 0 1000 0 0 0 0 0 0 0 2 998 0 0 0 0 0 0 0 0 1000 0 0 0 0 0 0 0
1 999 0 0 0 0 0 0 0 1 999 0 0 0 0 0 0 0 0 1000 0 0 0 0 0 0 0 1 999 0 0 0 0 0 0 0 1 999 0 0 0 0 0 0 0 2 998 0 0 0 0 0 0 0 1 999 0 0 0 0 0 0 0
2 998 0 0 0 0 0 0 0 0 1000 0 0 0 0 0 0 0 2 998 0 0 0 0 0 0 0 2 998 0 0 0 0 0 0 0 0 1000 0 0 0 0 0 0 0 0 1000 0 0 0 0 0 0 0 0 1000 0 0 0 0 0 0 0
3 997 0 0 0 0 0 0 0 1 999 0 0 0 0 0 0 0 0 1000 0 0 0 0 0 0 0 0 1000 0 0 0 0 0 0 0 2 998 0 0 0 0 0 0 0 0 1000 0 0 0 0 0 0 0 2 998 0 0 0 0 0 0 0
1 999 0 0 0 0 0 0 0 1 999 0 0 0 0 0 0 0 1 999 0 0 0 0 0 0 0 0 1000 0 0 0 0 0 0 0 2 998 0 0 0 0 0 0 0 1 999 0 0 0 0 0 0 0 1 999 0 0 0 0 0 0 0
1 999 0 0 0 0 0 0 0 2 998 0 0 0 0 0 0 0 0 1000 0 0 0 0 0 0 0 1 999 0 0 0 0 0 0 0 0 1000 0 0 0 0 0 0 0 2 998 0 0 0 0 0 0 0 4 996 0 0 0 0 0 0 0
1 999 0 0 0 0 0 0 0 0 1000 0 0 0 0 0 0 0 0 1000 0 0 0 0 0 0 0 0 1000 0 0 0 0 0 0 0 0 1000 0 0 0 0 0 0 0 1 999 0 0 0 0 0 0 0 0 1000 0 0 0 0 0 0 0
2 998 0 0 0 0 0 0 0 1 999 0 0 0 0 0 0 0 0 1000 0 0 0 0 0 0 0 1 999 0 0 0 0 0 0 0 0 1000 0 0 0 0 0 0 0 0 1000 0 0 0 0 0 0 0 0 1000 0 0 0 0 0 0 0
1 999 0 0 0 0 0 0 0 0 1000 0 0 0 0 0 0 0 0 1000 0 0 0 0 0 0 0 1 999 0 0 0 0 0 0 0 1 999 0 0 0 0 0 0 0 1 999 0 0 0 0 0 0 0 1 999 0 0 0 0 0 0 0
0 1000 0 0 0 0 0 0 0 1 999 0 0 0 0 0 0 0 0 1000 0 0 0 0 0 0 0 2 998 0 0 0 0 0 0 0 0 1000 0 0 0 0 0 0 0 1 999 0 0 0 0 0 0 0 2 998 0 0 0 0 0 0 0
0 1000 0 0 0 0 0 0 0 2 998 0 0 0 0 0 0 0 0 1000 0 0 0 0 0 0 0 0 1000 0 0 0 0 0 0 0 0 1000 0 0 0 0 0 0 0 0 1000 0 0 0 0 0 0 0 1 999 0 0 0 0 0 0 0
0 1000 0 0 0 0 0 0 0 0 1000 0 0 0 0 0 0 0 0 1000 0 0 0 0 0 0 0 1 999 0 0 0 0 0 0 0 2 998 0 0 0 0 0 0 0 3 997 0 0 0 0 0 0 0 1 999 0 0 0 0 0 0 0
1 999 0 0 0 0 0 0 0 1 999 0 0 0 0 0 0 0 1 999 0 0 0 0 0 0 0 1 999 0 0 0 0 0 0 0 0 1000 0 0 0 0 0 0 0 0 1000 0 0 0 0 0 0 0 2 998 0 0 0 0 0 0 0
0 1000 0 0 0 0 0 0 0 0 1000 0 0 0 0 0 0 0 1 999 0 0 0 0 0 0 0 1 999 0 0 0 0 0 0 0 0 1000 0 0 0 0 0 0 0 0 1000 0 0 0 0 0 0 0 0 1000 0 0 0 0 0 0 0
1 999 0 0 0 0 0 0 0 0 1000 0 0 0 0 0 0 0 1 999 0 0 0 0 0 0 0 2 998 0 0 0 0 0 0 0 1 999 0 0 0 0 0 0 0 0 1000 0 0 0 0 0 0 0 0 1000 0 0 0 0 0 0 0
1 999 0 0 0 0 0 0 0 1 999 0 0 0 0 0 0 0 1 999 0 0 0 0 0 0 0 1 999 0 0 0 0 0 0 0 1 999 0 0 0 0 0 0 0 0 1000 0 0 0 0 0 0 0 0 1000 0 0 0 0 0 0 0
0 1000 0 0 0 0 0 0 0 0 1000 0 0 0 0 0 0 0 1 999 0 0 0 0 0 0 0 1 999 0 0 0 0 0 0 0 0 1000 0 0 0 0 0 0 0 1 999 0 0 0 0 0 0 0 0 1000 0 0 0 0 0 0 0
0 1000 0 0 0 0 0 0 0 0 1000 0 0 0 0 0 0 0 2 998 0 0 0 0 0 0 0 0 1000 0 0 0 0 0 0 0 1 999 0 0 0 0 0 0 0 0 1000 0 0 0 0 0 0 0 0 1000 0 0 0 0 0 0 0
0 1000 0 0 0 0 0 0 0 0 1000 0 0 0 0 0 0 0 0 1000 0 0 0 0 0 0 0 1 999 0 0 0 0 0 0 0 0 1000 0 0 0 0 0 0 0 0 1000 0 0 0 0 0 0 0 0 1000 0 0 0 0 0 0 0
2 998 0 0 0 0 0 0 0 1 999 0 0 0 0 0 0 0 0 1000 0 0 0 0 0 0 0 2 998 0 0 0 0 0 0 0 0 1000 0 0 0 0 0 0 0 1 999 0 0 0 0 0 0 0 3 997 0 0 0 0 0 0 0
0 1000 0 0 0 0 0 0 0 2 998 0 0 0 0 0 0 0 0 1000 0 0 0 0 0 0 0 0 1000 0 0 0 0 0 0 0 0 1000 0 0 0 0 0 0 0 0 1000 0 0 0 0 0 0 0 0 1000 0 0 0 0 0 0 0
1 999 0 0 0 0 0 0 0 1 999 0 0 0 0 0 0 0 0 1000 0 0 0 0 0 0 0 0 1000 0 0 0 0 0 0 0 0 1000 0 0 0 0 0 0 0 1 999 0 0 0 0 0 0 0 0 1000 0 0 0 0 0 0 0
1 999 0 0 0 0 0 0 0 0 1000 0 0 0 0 0 0 0 0 1000 0 0 0 0 0 0 0 0 1000 0 0 0 0 0 0 0 0 1000 0 0 0 0 0 0 0 0 1000 0 0 0 0 0 0 0 0 1000 0 0 0 0 0 0 0
2 998 0 0 0 0 0 0 0 0 1000 0 0 0 0 0 0 0 0 1000 0 0 0 0 0 0 0 0 1000 0 0 0 0 0 0 0 0 1000 0 0 0 0 0 0 0 2 998 0 0 0 0 0 0 0 0 1000 0 0 0 0 0 0 0
0 1000 0 0 0 0 0 0 0 1 999 0 0 0 0 0 0 0 0 1000 0 0 0 0 0 0 0 0 1000 0 0 0 0 0 0 0 0 1000 0 0 0 0 0 0 0 0 1000 0 0 0 0 0 0 0 0 1000 0 0 0 0 0 0 0
0 1000 0 0 0 0 0 0 0 1 999 0 0 0 0 0 0 0 0 1000 0 0 0 0 0 0 0 0 1000 0 0 0 0 0 0 0 0 1000 0 0 0 0 0 0 0 0 1000 0 0 0 0 0 0 0 0 1000 0 0 0 0 0 0 0
0 1000 0 0 0 0 0 0 0 0 1000 0 0 0 0 0 0 0 1 999 0 0 0 0 0 0 0 0 1000 0 0 0 0 0 0 0 0 1000 0 0 0 0 0 0 0 2 998 0 0 0 0 0 0 0 0 1000 0 0 0 0 0 0 0
0 1000 0 0 0 0 0 0 0 1 999 0 0 0 0 0 0 0 0 1000 0 0 0 0 0 0 0 0 1000 0 0 0 0 0 0 0 1 999 0 0 0 0 0 0 0 0 1000 0 0 0 0 0 0 0 0 1000 0 0 0 0 0 0 0
0 1000 0 0 0 0 0 0 0 0 1000 0 0 0 0 0 0 0 1 999 0 0 0 0 0 0 0 0 1000 0 0 0 0 0 0 0 0 1000 0 0 0 0 0 0 0 0 1000 0 0 0 0 0 0 0 0 1000 0 0 0 0 0 0 0
0 1000 0 0 0 0 0 0 0 0 1000 0 0 0 0 0 0 0 0 1000 0 0 0 0 0 0 0 0 1000 0 0 0 0 0 0 0 0 1000 0 0 0 0 0 0 0 0 1000 0 0 0 0 0 0 0 0 1000 0 0 0 0 0 0 0
1 999 0 0 0 0 0 0 0 0 1000 0 0 0 0 0 0 0 1 999 0 0 0 0 0 0 0 0 1000 0 0 0 0 0 0 0 0 1000 0 0 0 0 0 0 0 0 1000 0 0 0 0 0 0 0 0 1000 0 0 0 0 0 0 0
0 1000 0 0 0 0 0 0 0 0 1000 0 0 0 0 0 0 0 0 1000 0 0 0 0 0 0 0 0 1000 0 0 0 0 0 0 0 0 1000 0 0 0 0 0 0 0 0 1000 0 0 0 0 0 0 0 0 1000 0 0 0 0 0 0 0
0 1000 0 0 0 0 0 0 0 0 1000 0 0 0 0 0 0 0 0 1000 0 0 0 0 0 0 0 0 1000 0 0 0 0 0 0 0 1 999 0 0 0 0 0 0 0 0 1000 0 0 0 0 0 0 0 0 1000 0 0 0 0 0 0 0
0 1000 0 0 0 0 0 0 0 0 1000 0 0 0 0 0 0 0 0 1000 0 0 0 0 0 0 0 0 1000 0 0 0 0 0 0 0 0 1000 0 0 0 0 0 0 0 0 1000 0 0 0 0 0 0 0 1 999 0 0 0 0 0 0 0
0 1000 0 0 0 0 0 0 0 0 1000 0 0 0 0 0 0 0 0 1000 0 0 0 0 0 0 0 0 1000 0 0 0 0 0 0 0 0 1000 0 0 0 0 0 0 0 1 999 0 0 0 0 0 0 0 0 1000 0 0 0 0 0 0 0
0 1000 0 0 0 0 0 0 0 0 1000 0 0 0 0 0 0 0 1 999 0 0 0 0 0 0 0 0 1000 0 0 0 0 0 0 0 0 1000 0 0 0 0 0 0 0 0 1000 0 0 0 0 0 0 0 0 1000 0 0 0 0 0 0 0
0 1000 0 0 0 0 0 0 0 0 1000 0 0 0 0 0 0 0 0 1000 0 0 0 0 0 0 0 1 999 0 0 0 0 0 0 0 0 1000 0 0 0 0 0 0 0 0 1000 0 0 0 0 0 0 0 1 999 0 0 0 0 0 0 0
0 1000 0 0 0 0 0 0 0 0 1000 0 0 0 0 0 0 0 0 1000 0 0 0 0 0 0 0 1 999 0 0 0 0 0 0 0 0 1000 0 0 0 0 0 0 0 0 1000 0 0 0 0 0 0 0 0 1000 0 0 0 0 0 0 0
0 1000 0 0 0 0 0 0 0 0 1000 0 0 0 0 0 0 0 0 1000 0 0 0 0 0 0 0 0 1000 0 0 0 0 0 0 0 0 1000 0 0 0 0 0 0 0 0 1000 0 0 0 0 0 0 0 2 998 0 0 0 0 0 0 0
0 1000 0 0 0 0 0 0 0 0 1000 0 0 0 0 0 0 0 1 999 0 0 0 0 0 0 0 0 1000 0 0 0 0 0 0 0 0 1000 0 0 0 0 0 0 0 0 1000 0 0 0 0 0 0 0 1 999 0 0 0 0 0 0 0
0 1000 0 0 0 0 0 0 0 0 1000 0 0 0 0 0 0 0 0 1000 0 0 0 0 0 0 0 0 1000 0 0 0 0 0 0 0 0 1000 0 0 0 0 0 0 0 0 1000 0 0 0 0 0 0 0 0 1000 0 0 0 0 0 0 0
0 1000 0 0 0 0 0 0 0 0 1000 0 0 0 0 0 0 0 0 1000 0 0 0 0 0 0 0 0 1000 0 0 0 0 0 0 0 0 1000 0 0 0 0 0 0 0 0 1000 0 0 0 0 0 0 0 0 1000 0 0 0 0 0 0 0
1 999 0 0 0 0 0 0 0 0 1000 0 0 0 0 0 0 0 0 1000 0 0 0 0 0 0 0 1 999 0 0 0 0 0 0 0 0 1000 0 0 0 0 0 0 0 0 1000 0 0 0 0 0 0 0 0 1000 0 0 0 0 0 0 0
0 1000 0 0 0 0 0 0 0 0 1000 0 0 0 0 0 0 0 0 1000 0 0 0 0 0 0 0 0 1000 0 0 0 0 0 0 0 0 1000 0 0 0 0 0 0 0 0 1000 0 0 0 0 0 0 0 0 1000 0 0 0 0 0 0 0
0 1000 0 0 0 0 0 0 0 0 1000 0 0 0 0 0 0 0 0 1000 0 0 0 0 0 0 0 0 1000 0 0 0 0 0 0 0 0 1000 0 0 0 0 0 0 0 0 1000 0 0 0 0 0 0 0 0 1000 0 0 0 0 0 0 0
0 1000 0 0 0 0 0 0 0 1 999 0 0 0 0 0 0 0 0 1000 0 0 0 0 0 0 0 0 1000 0 0 0 0 0 0 0 0 1000 0 0 0 0 0 0 0 0 1000 0 0 0 0 0 0 0 0 1000 0 0 0 0 0 0 0
0 1000 0 0 0 0 0 0 0 0 1000 0 0 0 0 0 0 0 0 1000 0 0 0 0 0 0 0 0 1000 0 0 0 0 0 0 0 0 1000 0 0 0 0 0 0 0 0 1000 0 0 0 0 0 0 0 0 1000 0 0 0 0 0 0 0
0 1000 0 0 0 0 0 0 0 0 1000 0 0 0 0 0 0 0 0 1000 0 0 0 0 0 0 0 0 1000 0 0 0 0 0 0 0 0 1000 0 0 0 0 0 0 0 0 1000 0 0 0 0 0 0 0 0 1000 0 0 0 0 0 0 0
0 1000 0 0 0 0 0 0 0 0 1000 0 0 0 0 0 0 0 0 1000 0 0 0 0 0 0 0 0 1000 0 0 0 0 0 0 0 0 1000 0 0 0 0 0 0 0 0 1000 0 0 0 0 0 0 0 0 1000 0 0 0 0 0 0 0
0 1000 0 0 0 0 0 0 0 0 1000 0 0 0 0 0 0 0 0 1000 0 0 0 0 0 0 0 0 1000 0 0 0 0 0 0 0 0 1000 0 0 0 0 0 0 0 0 1000 0 0 0 0 0 0 0 0 1000 0 0 0 0 0 0 0
0 1000 0 0 0 0 0 0 0 0 1000 0 0 0 0 0 0 0 1 999 0 0 0 0 0 0 0 0 1000 0 0 0 0 0 0 0 0 1000 0 0 0 0 0 0 0 0 1000 0 0 0 0 0 0 0 0 1000 0 0 0 0 0 0 0
0 1000 0 0 0 0 0 0 0 0 1000 0 0 0 0 0 0 0 0 1000 0 0 0 0 0 0 0 0 1000 0 0 0 0 0 0 0 0 1000 0 0 0 0 0 0 0 1 999 0 0 0 0 0 0 0 0 1000 0 0 0 0 0 0 0
0 1000 0 0 0 0 0 0 0 0 1000 0 0 0 0 0 0 0 0 1000 0 0 0 0 0 0 0 0 1000 0 0 0 0 0 0 0 0 1000 0 0 0 0 0 0 0 0 1000 0 0 0 0 0 0 0 0 1000 0 0 0 0 0 0 0
0 1000 0 0 0 0 0 0 0 0 1000 0 0 0 0 0 0 0 0 1000 0 0 0 0 0 0 0 0 1000 0 0 0 0 0 0 0 0 1000 0 0 0 0 0 0 0 0 1000 0 0 0 0 0 0 0 0 1000 0 0 0 0 0 0 0
0 1000 0 0 0 0 0 0 0 0 1000 0 0 0 0 0 0 0 0 1000 0 0 0 0 0 0 0 0 1000 0 0 0 0 0 0 0 0 1000 0 0 0 0 0 0 0 0 1000 0 0 0 0 0 0 0 0 1000 0 0 0 0 0 0 0
0 1000 0 0 0 0 0 0 0 0 1000 0 0 0 0 0 0 0 0 1000 0 0 0 0 0 0 0 0 1000 0 0 0 0 0 0 0 0 1000 0 0 0 0 0 0 0 0 1000 0 0 0 0 0 0 0 0 1000 0 0 0 0 0 0 0
0 1000 0 0 0 0 0 0 0 0 1000 0 0 0 0 0 0 0 0 1000 0 0 0 0 0 0 0 0 1000 0 0 0 0 0 0 0 0 1000 0 0 0 0 0 0 0 0 1000 0 0 0 0 0 0 0 0 1000 0 0 0 0 0 0 0
1 999 0 0 0 0 0 0 0 0 1000 0 0 0 0 0 0 0 0 1000 0 0 0 0 0 0 0 0 1000 0 0 0 0 0 0 0 0 1000 0 0 0 0 0 0 0 0 1000 0 0 0 0 0 0 0 0 1000 0 0 0 0 0 0 0
0 1000 0 0 0 0 0 0 0 0 1000 0 0 0 0 0 0 0 1 999 0 0 0 0 0 0 0 0 1000 0 0 0 0 0 0 0 0 1000 0 0 0 0 0 0 0 0 1000 0 0 0 0 0 0 0 0 1000 0 0 0 0 0 0 0
0 1000 0 0 0 0 0 0 0 0 1000 0 0 0 0 0 0 0 0 1000 0 0 0 0 0 0 0 0 1000 0 0 0 0 0 0 0 0 1000 0 0 0 0 0 0 0 0 1000 0 0 0 0 0 0 0 0 1000 0 0 0 0 0 0 0
0 1000 0 0 0 0 0 0 0 0 1000 0 0 0 0 0 0 0 0 1000 0 0 0 0 0 0 0 0 1000 0 0 0 0 0 0 0 0 1000 0 0 0 0 0 0 0 0 1000 0 0 0 0 0 0 0 0 1000 0 0 0 0 0 0 0
0 1000 0 0 0 0 0 0 0 1 999 0 0 0 0 0 0 0 0 1000 0 0 0 0 0 0 0 0 1000 0 0 0 0 0 0 0 0 1000 0 0 0 0 0 0 0 0 1000 0 0 0 0 0 0 0 0 1000 0 0 0 0 0 0 0
0 1000 0 0 0 0 0 0 0 0 1000 0 0 0 0 0 0 0 0 1000 0 0 0 0 0 0 0 0 1000 0 0 0 0 0 0 0 0 1000 0 0 0 0 0 0 0 0 1000 0 0 0 0 0 0 0 0 1000 0 0 0 0 0 0 0
0 1000 0 0 0 0 0 0 0 1 999 0 0 0 0 0 0 0 0 1000 0 0 0 0 0 0 0 0 1000 0 0 0 0 0 0 0 0 1000 0 0 0 0 0 0 0 0 1000 0 0 0 0 0 0 0 0 1000 0 0 0 0 0 0 0
0 1000 0 0 0 0 0 0 0 0 1000 0 0 0 0 0 0 0 0 1000 0 0 0 0 0 0 0 0 1000 0 0 0 0 0 0 0 0 1000 0 0 0 0 0 0 0 0 1000 0 0 0 0 0 0 0 0 1000 0 0 0 0 0 0 0
0 1000 0 0 0 0 0 0 0 0 1000 0 0 0 0 0 0 0 0 1000 0 0 0 0 0 0 0 0 1000 0 0 0 0 0 0 0 0 1000 0 0 0 0 0 0 0 0 1000 0 0 0 0 0 0 0 0 1000 0 0 0 0 0 0 0
0 1000 0 0 0 0 0 0 0 0 1000 0 0 0 0 0 0 0 0 1000 0 0 0 0 0 0 0 0 1000 0 0 0 0 0 0 0 0 1000 0 0 0 0 0 0 0 0 1000 0 0 0 0 0 0 0 1 999 0 0 0 0 0 0 0
