946 52 2 0 0 0 0 0 0 940 60 0 0 0 0 0 0 0 941 59 0 0 0 0 0 0 0 944 54 2 0 0 0 0 0 0 938 61 1 0 0 0 0 0 0 928 70 2 0 0 0 0 0 0 942 58 0 0 0 0 0 0 0
903 95 2 0 0 0 0 0 0 904 93 3 0 0 0 0 0 0 882 112 6 0 0 0 0 0 0 894 97 9 0 0 0 0 0 0 894 102 3 1 0 0 0 0 0 889 110 1 0 0 0 0 0 0 889 107 4 0 0 0 0 0 0
825 163 12 0 0 0 0 0 0 894 102 3 1 0 0 0 0 0 834 157 9 0 0 0 0 0 0 845 146 9 0 0 0 0 0 0 841 150 9 0 0 0 0 0 0 850 145 5 0 0 0 0 0 0 846 149 5 0 0 0 0 0 0
790 185 25 0 0 0 0 0 0 870 119 11 0 0 0 0 0 0 785 203 12 0 0 0 0 0 0 765 214 19 2 0 0 0 0 0 789 191 19 1 0 0 0 0 0 793 189 18 0 0 0 0 0 0 778 197 24 1 0 0 0 0 0
759 215 25 1 0 0 0 0 0 862 127 11 0 0 0 0 0 0 762 205 31 2 0 0 0 0 0 755 217 28 0 0 0 0 0 0 755 215 29 1 0 0 0 0 0 748 226 24 2 0 0 0 0 0 778 208 14 0 0 0 0 0 0
720 259 21 0 0 0 0 0 0 830 159 10 1 0 0 0 0 0 737 237 25 1 0 0 0 0 0 736 239 25 0 0 0 0 0 0 738 235 27 0 0 0 0 0 0 713 248 37 2 0 0 0 0 0 716 262 21 1 0 0 0 0 0
706 259 33 2 0 0 0 0 0 832 162 6 0 0 0 0 0 0 704 265 31 0 0 0 0 0 0 688 281 30 1 0 0 0 0 0 690 271 36 3 0 0 0 0 0 677 286 36 1 0 0 0 0 0 674 279 43 4 0 0 0 0 0
667 288 43 2 0 0 0 0 0 767 216 17 0 0 0 0 0 0 648 302 50 0 0 0 0 0 0 655 297 46 2 0 0 0 0 0 689 271 39 1 0 0 0 0 0 658 300 41 1 0 0 0 0 0 670 278 46 6 0 0 0 0 0
659 284 55 2 0 0 0 0 0 775 209 16 0 0 0 0 0 0 638 315 45 2 0 0 0 0 0 611 345 42 2 0 0 0 0 0 628 322 49 1 0 0 0 0 0 619 328 49 4 0 0 0 0 0 620 320 56 4 0 0 0 0 0
608 331 59 2 0 0 0 0 0 744 237 17 2 0 0 0 0 0 587 340 68 5 0 0 0 0 0 613 315 70 2 0 0 0 0 0 595 342 56 7 0 0 0 0 0 637 308 54 1 0 0 0 0 0 627 316 53 4 0 0 0 0 0
577 356 63 4 0 0 0 0 0 718 247 35 0 0 0 0 0 0 570 371 56 3 0 0 0 0 0 598 346 53 3 0 0 0 0 0 602 327 69 2 0 0 0 0 0 589 343 62 6 0 0 0 0 0 534 391 68 7 0 0 0 0 0
560 366 66 8 0 0 0 0 0 693 274 32 1 0 0 0 0 0 554 373 69 4 0 0 0 0 0 575 346 72 7 0 0 0 0 0 594 324 78 4 0 0 0 0 0 593 352 55 0 0 0 0 0 0 548 371 75 6 0 0 0 0 0
548 346 97 9 0 0 0 0 0 706 253 41 0 0 0 0 0 0 550 367 76 7 0 0 0 0 0 522 387 82 9 0 0 0 0 0 577 340 78 5 0 0 0 0 0 545 368 81 6 0 0 0 0 0 546 362 89 3 0 0 0 0 0
526 384 82 8 0 0 0 0 0 686 273 39 2 0 0 0 0 0 535 369 90 6 0 0 0 0 0 515 397 80 8 0 0 0 0 0 525 387 84 4 0 0 0 0 0 538 367 86 9 0 0 0 0 0 514 379 100 7 0 0 0 0 0
523 385 88 4 0 0 0 0 0 660 288 52 0 0 0 0 0 0 481 413 101 5 0 0 0 0 0 528 379 89 4 0 0 0 0 0 518 385 90 7 0 0 0 0 0 508 386 99 7 0 0 0 0 0 486 414 86 14 0 0 0 0 0
484 398 110 8 0 0 0 0 0 656 302 40 2 0 0 0 0 0 488 400 105 7 0 0 0 0 0 471 396 126 7 0 0 0 0 0 469 420 102 9 0 0 0 0 0 519 366 101 14 0 0 0 0 0 479 417 100 4 0 0 0 0 0
450 406 136 8 0 0 0 0 0 610 330 58 2 0 0 0 0 0 476 402 110 12 0 0 0 0 0 462 394 124 20 0 0 0 0 0 459 398 126 17 0 0 0 0 0 477 396 117 10 0 0 0 0 0 432 451 108 9 0 0 0 0 0
441 411 136 12 0 0 0 0 0 604 334 59 3 0 0 0 0 0 474 398 116 12 0 0 0 0 0 453 419 115 13 0 0 0 0 0 476 392 122 10 0 0 0 0 0 439 408 138 15 0 0 0 0 0 409 427 152 12 0 0 0 0 0
446 400 139 15 0 0 0 0 0 601 332 66 1 0 0 0 0 0 434 415 132 19 0 0 0 0 0 430 423 130 17 0 0 0 0 0 449 419 120 12 0 0 0 0 0 441 385 155 19 0 0 0 0 0 411 424 153 12 0 0 0 0 0
439 410 138 13 0 0 0 0 0 580 358 56 6 0 0 0 0 0 421 416 144 19 0 0 0 0 0 393 427 162 18 0 0 0 0 0 416 421 146 17 0 0 0 0 0 421 421 140 18 0 0 0 0 0 417 411 155 17 0 0 0 0 0
401 431 148 20 0 0 0 0 0 566 357 72 5 0 0 0 0 0 413 414 161 12 0 0 0 0 0 396 427 152 25 0 0 0 0 0 417 434 136 13 0 0 0 0 0 402 428 144 26 0 0 0 0 0 407 436 139 18 0 0 0 0 0
378 435 170 17 0 0 0 0 0 553 373 70 4 0 0 0 0 0 363 466 142 29 0 0 0 0 0 409 426 150 15 0 0 0 0 0 417 411 153 19 0 0 0 0 0 383 432 167 18 0 0 0 0 0 377 435 171 17 0 0 0 0 0
370 436 172 22 0 0 0 0 0 555 365 76 4 0 0 0 0 0 395 411 172 22 0 0 0 0 0 371 441 173 15 0 0 0 0 0 358 455 165 22 0 0 0 0 0 338 448 189 25 0 0 0 0 0 364 431 186 19 0 0 0 0 0
358 432 186 24 0 0 0 0 0 521 363 107 9 0 0 0 0 0 365 441 171 23 0 0 0 0 0 363 448 168 21 0 0 0 0 0 365 443 169 23 0 0 0 0 0 339 419 213 29 0 0 0 0 0 358 442 172 28 0 0 0 0 0
318 466 195 21 0 0 0 0 0 524 386 82 8 0 0 0 0 0 365 414 190 31 0 0 0 0 0 355 434 192 19 0 0 0 0 0 358 434 174 34 0 0 0 0 0 347 436 193 24 0 0 0 0 0 329 447 202 22 0 0 0 0 0
323 466 188 23 0 0 0 0 0 522 373 97 8 0 0 0 0 0 331 457 189 23 0 0 0 0 0 315 441 216 28 0 0 0 0 0 356 447 176 21 0 0 0 0 0 319 474 184 23 0 0 0 0 0 325 474 184 17 0 0 0 0 0
331 450 192 27 0 0 0 0 0 467 413 118 2 0 0 0 0 0 314 430 225 31 0 0 0 0 0 345 456 172 27 0 0 0 0 0 319 453 198 30 0 0 0 0 0 318 460 190 32 0 0 0 0 0 312 447 207 34 0 0 0 0 0
312 430 221 37 0 0 0 0 0 504 397 88 11 0 0 0 0 0 308 466 198 28 0 0 0 0 0 337 399 225 39 0 0 0 0 0 299 462 209 30 0 0 0 0 0 324 422 220 34 0 0 0 0 0 301 448 214 37 0 0 0 0 0
307 458 195 40 0 0 0 0 0 465 425 98 12 0 0 0 0 0 311 447 212 30 0 0 0 0 0 305 452 218 25 0 0 0 0 0 315 445 206 34 0 0 0 0 0 296 463 207 34 0 0 0 0 0 321 430 222 27 0 0 0 0 0
297 454 217 32 0 0 0 0 0 461 413 112 14 0 0 0 0 0 294 462 211 33 0 0 0 0 0 282 445 238 35 0 0 0 0 0 275 454 236 35 0 0 0 0 0 298 462 205 35 0 0 0 0 0 315 429 225 31 0 0 0 0 0
298 437 227 38 0 0 0 0 0 467 401 124 8 0 0 0 0 0 270 476 221 33 0 0 0 0 0 274 471 220 35 0 0 0 0 0 287 451 218 44 0 0 0 0 0 263 463 236 38 0 0 0 0 0 254 443 252 51 0 0 0 0 0
255 460 241 44 0 0 0 0 0 470 401 113 16 0 0 0 0 0 267 438 242 53 0 0 0 0 0 263 469 222 46 0 0 0 0 0 280 442 233 45 0 0 0 0 0 267 449 245 39 0 0 0 0 0 269 443 255 33 0 0 0 0 0
297 440 213 50 0 0 0 0 0 470 380 136 14 0 0 0 0 0 270 436 235 59 0 0 0 0 0 289 428 235 48 0 0 0 0 0 255 469 234 42 0 0 0 0 0 257 440 260 43 0 0 0 0 0 261 431 262 46 0 0 0 0 0
271 438 245 46 0 0 0 0 0 421 428 133 18 0 0 0 0 0 258 446 252 44 0 0 0 0 0 275 428 235 62 0 0 0 0 0 288 440 216 56 0 0 0 0 0 244 445 264 47 0 0 0 0 0 257 441 251 51 0 0 0 0 0
241 442 271 46 0 0 0 0 0 409 429 147 15 0 0 0 0 0 263 449 234 54 0 0 0 0 0 241 458 244 57 0 0 0 0 0 242 449 249 60 0 0 0 0 0 255 434 242 69 0 0 0 0 0 237 473 244 46 0 0 0 0 0
262 429 260 49 0 0 0 0 0 431 412 140 17 0 0 0 0 0 254 445 250 51 0 0 0 0 0 249 437 241 73 0 0 0 0 0 263 422 267 48 0 0 0 0 0 251 437 269 43 0 0 0 0 0 230 451 268 51 0 0 0 0 0
211 442 286 61 0 0 0 0 0 416 411 153 20 0 0 0 0 0 245 450 250 55 0 0 0 0 0 245 435 260 60 0 0 0 0 0 236 439 271 54 0 0 0 0 0 227 448 261 64 0 0 0 0 0 256 424 258 62 0 0 0 0 0
243 462 239 56 0 0 0 0 0 415 431 140 14 0 0 0 0 0 232 448 260 60 0 0 0 0 0 229 429 281 61 0 0 0 0 0 206 448 293 53 0 0 0 0 0 242 430 265 63 0 0 0 0 0 237 435 278 50 0 0 0 0 0
215 425 294 66 0 0 0 0 0 403 431 147 19 0 0 0 0 0 214 417 298 71 0 0 0 0 0 217 447 272 64 0 0 0 0 0 221 409 308 62 0 0 0 0 0 200 453 290 57 0 0 0 0 0 216 441 277 66 0 0 0 0 0
223 419 288 70 0 0 0 0 0 391 427 163 19 0 0 0 0 0 229 434 271 66 0 0 0 0 0 210 442 270 78 0 0 0 0 0 196 443 294 67 0 0 0 0 0 216 434 299 51 0 0 0 0 0 232 405 293 70 0 0 0 0 0
216 442 283 59 0 0 0 0 0 368 445 162 25 0 0 0 0 0 213 428 306 53 0 0 0 0 0 194 408 311 87 0 0 0 0 0 213 439 297 51 0 0 0 0 0 199 430 298 73 0 0 0 0 0 205 435 287 73 0 0 0 0 0
213 425 296 66 0 0 0 0 0 355 454 148 43 0 0 0 0 0 212 408 303 77 0 0 0 0 0 183 434 304 79 0 0 0 0 0 181 447 297 75 0 0 0 0 0 192 443 301 64 0 0 0 0 0 205 420 307 68 0 0 0 0 0
211 415 297 77 0 0 0 0 0 347 454 180 19 0 0 0 0 0 190 421 309 80 0 0 0 0 0 180 434 303 83 0 0 0 0 0 191 423 303 83 0 0 0 0 0 195 443 290 72 0 0 0 0 0 173 438 331 58 0 0 0 0 0
177 440 318 65 0 0 0 0 0 340 465 166 29 0 0 0 0 0 189 442 286 83 0 0 0 0 0 181 466 288 65 0 0 0 0 0 166 432 340 62 0 0 0 0 0 174 439 324 63 0 0 0 0 0 186 438 305 71 0 0 0 0 0
212 396 316 76 0 0 0 0 0 365 423 175 37 0 0 0 0 0 190 427 311 72 0 0 0 0 0 185 413 324 78 0 0 0 0 0 193 411 312 84 0 0 0 0 0 196 410 314 80 0 0 0 0 0 196 379 329 96 0 0 0 0 0
185 392 331 92 0 0 0 0 0 342 446 191 21 0 0 0 0 0 185 413 326 76 0 0 0 0 0 171 432 316 81 0 0 0 0 0 191 401 329 79 0 0 0 0 0 150 457 319 74 0 0 0 0 0 161 415 351 73 0 0 0 0 0
185 395 331 89 0 0 0 0 0 334 476 162 28 0 0 0 0 0 199 426 302 73 0 0 0 0 0 199 429 281 91 0 0 0 0 0 164 429 331 76 0 0 0 0 0 184 407 323 86 0 0 0 0 0 161 443 317 79 0 0 0 0 0
163 396 330 111 0 0 0 0 0 297 461 214 28 0 0 0 0 0 165 443 304 88 0 0 0 0 0 174 421 313 92 0 0 0 0 0 158 428 327 87 0 0 0 0 0 151 434 335 80 0 0 0 0 0 157 424 327 92 0 0 0 0 0
174 430 313 83 0 0 0 0 0 324 465 186 25 0 0 0 0 0 173 399 331 97 0 0 0 0 0 155 408 346 91 0 0 0 0 0 168 400 337 95 0 0 0 0 0 160 404 348 88 0 0 0 0 0 142 419 351 88 0 0 0 0 0
169 382 352 97 0 0 0 0 0 311 446 217 26 0 0 0 0 0 161 421 324 94 0 0 0 0 0 160 407 348 85 0 0 0 0 0 194 400 324 82 0 0 0 0 0 171 415 316 98 0 0 0 0 0 166 406 336 92 0 0 0 0 0
143 393 356 108 0 0 0 0 0 328 438 197 37 0 0 0 0 0 164 402 351 83 0 0 0 0 0 170 380 350 100 0 0 0 0 0 162 389 362 87 0 0 0 0 0 160 390 349 101 0 0 0 0 0 136 403 355 106 0 0 0 0 0
142 425 338 95 0 0 0 0 0 273 476 221 30 0 0 0 0 0 153 400 341 106 0 0 0 0 0 149 390 350 111 0 0 0 0 0 160 416 331 93 0 0 0 0 0 142 389 364 105 0 0 0 0 0 149 405 342 104 0 0 0 0 0
159 381 360 100 0 0 0 0 0 295 449 224 32 0 0 0 0 0 157 392 336 115 0 0 0 0 0 130 399 373 98 0 0 0 0 0 166 385 345 104 0 0 0 0 0 142 399 356 103 0 0 0 0 0 139 404 358 99 0 0 0 0 0
160 399 345 96 0 0 0 0 0 323 421 215 41 0 0 0 0 0 154 371 367 108 0 0 0 0 0 141 376 381 102 0 0 0 0 0 140 379 356 125 0 0 0 0 0 149 369 360 122 0 0 0 0 0 140 365 395 100 0 0 0 0 0
150 373 380 97 0 0 0 0 0 302 445 215 38 0 0 0 0 0 131 392 374 103 0 0 0 0 0 134 389 366 111 0 0 0 0 0 152 383 351 114 0 0 0 0 0 143 392 346 119 0 0 0 0 0 138 401 346 115 0 0 0 0 0
120 389 362 129 0 0 0 0 0 303 435 234 28 0 0 0 0 0 139 373 370 118 0 0 0 0 0 134 360 389 117 0 0 0 0 0 141 366 385 108 0 0 0 0 0 127 372 385 116 0 0 0 0 0 131 391 375 103 0 0 0 0 0
104 397 382 117 0 0 0 0 0 295 472 193 40 0 0 0 0 0 120 379 382 119 0 0 0 0 0 139 365 372 124 0 0 0 0 0 125 387 376 112 0 0 0 0 0 126 396 375 103 0 0 0 0 0 149 367 372 112 0 0 0 0 0
145 381 369 105 0 0 0 0 0 277 455 229 39 0 0 0 0 0 146 341 394 119 0 0 0 0 0 131 367 380 122 0 0 0 0 0 132 355 391 122 0 0 0 0 0 101 404 376 119 0 0 0 0 0 111 382 380 127 0 0 0 0 0
117 378 390 115 0 0 0 0 0 269 458 225 48 0 0 0 0 0 134 372 358 136 0 0 0 0 0 125 381 386 108 0 0 0 0 0 126 388 351 135 0 0 0 0 0 115 387 382 116 0 0 0 0 0 116 373 394 117 0 0 0 0 0
107 391 368 134 0 0 0 0 0 255 435 246 64 0 0 0 0 0 119 365 383 133 0 0 0 0 0 126 343 397 134 0 0 0 0 0 102 383 399 116 0 0 0 0 0 103 377 387 133 0 0 0 0 0 115 370 389 126 0 0 0 0 0
115 362 396 127 0 0 0 0 0 289 409 249 53 0 0 0 0 0 137 371 363 129 0 0 0 0 0 111 358 393 138 0 0 0 0 0 108 354 390 148 0 0 0 0 0 117 377 367 139 0 0 0 0 0 110 392 372 126 0 0 0 0 0
130 329 401 140 0 0 0 0 0 261 459 229 51 0 0 0 0 0 101 361 398 140 0 0 0 0 0 108 356 413 123 0 0 0 0 0 125 366 375 134 0 0 0 0 0 114 379 364 143 0 0 0 0 0 112 363 387 138 0 0 0 0 0
102 337 426 135 0 0 0 0 0 262 455 243 40 0 0 0 0 0 124 363 395 118 0 0 0 0 0 109 336 416 139 0 0 0 0 0 118 379 376 127 0 0 0 0 0 100 355 400 145 0 0 0 0 0 131 369 374 126 0 0 0 0 0
110 348 414 128 0 0 0 0 0 257 448 240 55 0 0 0 0 0 111 351 394 144 0 0 0 0 0 110 371 374 145 0 0 0 0 0 104 331 413 152 0 0 0 0 0 111 366 393 130 0 0 0 0 0 96 355 398 151 0 0 0 0 0
118 347 391 144 0 0 0 0 0 258 445 243 54 0 0 0 0 0 114 388 375 123 0 0 0 0 0 93 374 381 152 0 0 0 0 0 105 350 375 170 0 0 0 0 0 110 328 406 156 0 0 0 0 0 121 327 390 162 0 0 0 0 0
89 361 393 157 0 0 0 0 0 231 429 293 47 0 0 0 0 0 99 363 399 139 0 0 0 0 0 115 324 414 147 0 0 0 0 0 100 344 375 181 0 0 0 0 0 101 364 391 144 0 0 0 0 0 102 346 392 160 0 0 0 0 0
103 350 393 154 0 0 0 0 0 233 430 274 63 0 0 0 0 0 94 359 401 146 0 0 0 0 0 116 311 416 157 0 0 0 0 0 92 343 393 172 0 0 0 0 0 95 368 399 138 0 0 0 0 0 99 371 384 146 0 0 0 0 0
109 336 409 146 0 0 0 0 0 253 435 252 60 0 0 0 0 0 112 328 404 156 0 0 0 0 0 97 353 392 158 0 0 0 0 0 98 331 442 129 0 0 0 0 0 112 315 407 166 0 0 0 0 0 114 365 396 125 0 0 0 0 0
95 325 408 172 0 0 0 0 0 233 447 261 59 0 0 0 0 0 91 349 397 163 0 0 0 0 0 94 351 402 153 0 0 0 0 0 97 343 390 170 0 0 0 0 0 105 368 382 145 0 0 0 0 0 87 321 419 173 0 0 0 0 0
100 315 419 166 0 0 0 0 0 225 438 277 60 0 0 0 0 0 81 347 408 164 0 0 0 0 0 111 347 389 153 0 0 0 0 0 85 326 430 159 0 0 0 0 0 95 326 400 179 0 0 0 0 0 90 351 385 174 0 0 0 0 0
96 307 432 165 0 0 0 0 0 218 419 308 55 0 0 0 0 0 114 341 387 158 0 0 0 0 0 87 327 396 190 0 0 0 0 0 80 368 404 148 0 0 0 0 0 88 335 411 166 0 0 0 0 0 102 329 405 164 0 0 0 0 0
73 347 418 162 0 0 0 0 0 219 439 278 64 0 0 0 0 0 105 320 399 176 0 0 0 0 0 94 312 424 170 0 0 0 0 0 78 329 411 182 0 0 0 0 0 88 335 429 148 0 0 0 0 0 78 329 403 190 0 0 0 0 0
87 307 440 166 0 0 0 0 0 217 425 301 57 0 0 0 0 0 103 333 384 180 0 0 0 0 0 91 319 419 171 0 0 0 0 0 90 311 421 178 0 0 0 0 0 82 308 432 178 0 0 0 0 0 89 323 395 193 0 0 0 0 0
86 314 407 193 0 0 0 0 0 220 435 299 46 0 0 0 0 0 100 312 408 180 0 0 0 0 0 78 313 414 195 0 0 0 0 0 94 298 432 176 0 0 0 0 0 91 296 434 179 0 0 0 0 0 76 322 432 170 0 0 0 0 0
81 322 419 178 0 0 0 0 0 201 430 306 63 0 0 0 0 0 86 330 423 161 0 0 0 0 0 80 328 401 191 0 0 0 0 0 94 327 390 189 0 0 0 0 0 81 314 411 194 0 0 0 0 0 77 342 409 172 0 0 0 0 0
81 287 454 178 0 0 0 0 0 233 439 260 68 0 0 0 0 0 83 338 396 183 0 0 0 0 0 67 334 419 180 0 0 0 0 0 78 333 399 190 0 0 0 0 0 84 318 397 201 0 0 0 0 0 78 331 407 184 0 0 0 0 0
90 317 410 183 0 0 0 0 0 211 438 271 80 0 0 0 0 0 86 308 416 190 0 0 0 0 0 75 313 421 191 0 0 0 0 0 83 307 411 199 0 0 0 0 0 82 308 418 192 0 0 0 0 0 73 321 399 207 0 0 0 0 0
67 284 444 205 0 0 0 0 0 212 427 307 54 0 0 0 0 0 79 328 405 188 0 0 0 0 0 75 323 405 197 0 0 0 0 0 95 313 408 184 0 0 0 0 0 88 308 422 182 0 0 0 0 0 75 294 436 195 0 0 0 0 0
70 321 407 202 0 0 0 0 0 176 436 321 67 0 0 0 0 0 79 304 418 199 0 0 0 0 0 66 312 445 177 0 0 0 0 0 72 322 408 198 0 0 0 0 0 71 342 399 188 0 0 0 0 0 74 320 407 199 0 0 0 0 0
83 298 402 217 0 0 0 0 0 190 431 297 82 0 0 0 0 0 86 298 419 197 0 0 0 0 0 76 290 430 204 0 0 0 0 0 70 309 426 195 0 0 0 0 0 64 293 421 222 0 0 0 0 0 56 301 429 214 0 0 0 0 0
83 301 411 205 0 0 0 0 0 175 456 303 66 0 0 0 0 0 57 305 443 195 0 0 0 0 0 58 300 423 219 0 0 0 0 0 83 320 403 194 0 0 0 0 0 65 305 431 199 0 0 0 0 0 71 318 416 195 0 0 0 0 0
60 287 439 214 0 0 0 0 0 180 427 316 77 0 0 0 0 0 58 291 440 211 0 0 0 0 0 69 310 420 201 0 0 0 0 0 70 295 431 204 0 0 0 0 0 59 300 430 211 0 0 0 0 0 63 285 442 210 0 0 0 0 0
78 270 440 212 0 0 0 0 0 189 432 312 67 0 0 0 0 0 56 284 460 200 0 0 0 0 0 58 305 443 194 0 0 0 0 0 65 297 452 186 0 0 0 0 0 67 317 427 189 0 0 0 0 0 53 307 437 203 0 0 0 0 0
69 303 427 201 0 0 0 0 0 194 413 321 72 0 0 0 0 0 60 303 430 207 0 0 0 0 0 56 315 417 212 0 0 0 0 0 56 298 445 201 0 0 0 0 0 73 279 462 186 0 0 0 0 0 65 286 441 208 0 0 0 0 0
80 281 438 201 0 0 0 0 0 184 409 335 72 0 0 0 0 0 69 311 422 198 0 0 0 0 0 52 297 431 220 0 0 0 0 0 65 260 429 246 0 0 0 0 0 68 275 439 218 0 0 0 0 0 69 282 444 205 0 0 0 0 0
64 294 440 202 0 0 0 0 0 169 427 315 89 0 0 0 0 0 48 300 447 205 0 0 0 0 0 58 270 436 236 0 0 0 0 0 51 291 448 210 0 0 0 0 0 71 292 414 223 0 0 0 0 0 64 263 414 259 0 0 0 0 0
57 281 447 215 0 0 0 0 0 171 407 341 81 0 0 0 0 0 57 281 429 233 0 0 0 0 0 78 275 427 220 0 0 0 0 0 48 268 447 237 0 0 0 0 0 65 288 435 212 0 0 0 0 0 57 286 438 219 0 0 0 0 0
56 279 423 242 0 0 0 0 0 185 411 317 87 0 0 0 0 0 55 280 432 233 0 0 0 0 0 52 273 464 211 0 0 0 0 0 63 246 457 234 0 0 0 0 0 71 286 413 230 0 0 0 0 0 70 282 424 224 0 0 0 0 0
52 256 472 220 0 0 0 0 0 172 397 342 89 0 0 0 0 0 48 273 446 233 0 0 0 0 0 59 266 445 230 0 0 0 0 0 68 275 421 236 0 0 0 0 0 51 286 451 212 0 0 0 0 0 48 294 440 218 0 0 0 0 0
55 270 436 239 0 0 0 0 0 156 425 335 84 0 0 0 0 0 64 249 446 241 0 0 0 0 0 44 279 429 248 0 0 0 0 0 48 286 426 240 0 0 0 0 0 53 282 425 240 0 0 0 0 0 49 267 447 237 0 0 0 0 0
49 279 433 239 0 0 0 0 0 161 402 338 99 0 0 0 0 0 46 280 447 227 0 0 0 0 0 50 259 448 243 0 0 0 0 0 61 270 434 235 0 0 0 0 0 55 274 438 233 0 0 0 0 0 56 259 444 241 0 0 0 0 0
54 264 452 230 0 0 0 0 0 157 423 339 81 0 0 0 0 0 59 248 424 269 0 0 0 0 0 44 246 461 249 0 0 0 0 0 58 264 435 243 0 0 0 0 0 61 263 426 250 0 0 0 0 0 50 265 450 235 0 0 0 0 0
65 267 432 236 0 0 0 0 0 166 398 330 106 0 0 0 0 0 46 243 463 248 0 0 0 0 0 59 252 428 261 0 0 0 0 0 53 266 438 243 0 0 0 0 0 52 277 433 238 0 0 0 0 0 51 257 443 249 0 0 0 0 0
57 258 430 255 0 0 0 0 0 144 425 330 101 0 0 0 0 0 51 243 432 274 0 0 0 0 0 35 250 437 278 0 0 0 0 0 46 294 410 250 0 0 0 0 0 60 256 449 235 0 0 0 0 0 57 241 447 255 0 0 0 0 0
52 248 462 238 0 0 0 0 0 174 405 334 87 0 0 0 0 0 45 247 444 264 0 0 0 0 0 44 248 441 267 0 0 0 0 0 41 269 427 263 0 0 0 0 0 45 244 451 260 0 0 0 0 0 58 245 454 243 0 0 0 0 0
68 237 436 259 0 0 0 0 0 150 392 350 108 0 0 0 0 0 57 244 423 276 0 0 0 0 0 58 243 435 264 0 0 0 0 0 51 243 468 238 0 0 0 0 0 56 253 449 242 0 0 0 0 0 54 257 431 258 0 0 0 0 0
52 270 446 232 0 0 0 0 0 151 399 358 92 0 0 0 0 0 46 250 431 273 0 0 0 0 0 44 251 433 272 0 0 0 0 0 47 257 425 271 0 0 0 0 0 41 265 424 270 0 0 0 0 0 38 255 444 263 0 0 0 0 0
64 256 434 246 0 0 0 0 0 140 408 336 116 0 0 0 0 0 43 268 420 269 0 0 0 0 0 51 239 447 263 0 0 0 0 0 42 228 470 260 0 0 0 0 0 51 249 433 267 0 0 0 0 0 80 228 425 267 0 0 0 0 0
39 247 432 282 0 0 0 0 0 152 410 345 93 0 0 0 0 0 51 248 424 277 0 0 0 0 0 45 248 442 265 0 0 0 0 0 33 247 464 256 0 0 0 0 0 42 262 410 286 0 0 0 0 0 49 242 456 253 0 0 0 0 0
36 230 439 295 0 0 0 0 0 137 388 349 126 0 0 0 0 0 36 248 439 277 0 0 0 0 0 39 234 456 271 0 0 0 0 0 41 252 448 259 0 0 0 0 0 50 254 436 260 0 0 0 0 0 44 259 445 252 0 0 0 0 0
38 256 428 278 0 0 0 0 0 149 386 347 118 0 0 0 0 0 45 232 426 297 0 0 0 0 0 38 238 459 265 0 0 0 0 0 43 234 450 273 0 0 0 0 0 52 248 425 275 0 0 0 0 0 43 249 461 247 0 0 0 0 0
33 254 456 257 0 0 0 0 0 141 391 351 117 0 0 0 0 0 37 248 454 261 0 0 0 0 0 39 232 463 266 0 0 0 0 0 41 226 440 293 0 0 0 0 0 42 237 433 288 0 0 0 0 0 50 254 438 258 0 0 0 0 0
31 242 443 284 0 0 0 0 0 136 376 368 120 0 0 0 0 0 38 229 437 296 0 0 0 0 0 46 237 418 299 0 0 0 0 0 33 233 447 287 0 0 0 0 0 48 235 421 296 0 0 0 0 0 42 222 456 280 0 0 0 0 0
48 212 457 283 0 0 0 0 0 128 384 367 121 0 0 0 0 0 39 224 467 270 0 0 0 0 0 35 227 458 280 0 0 0 0 0 48 223 443 286 0 0 0 0 0 54 213 439 294 0 0 0 0 0 42 215 436 307 0 0 0 0 0
31 236 446 287 0 0 0 0 0 112 395 360 133 0 0 0 0 0 40 237 429 294 0 0 0 0 0 49 231 424 296 0 0 0 0 0 38 211 477 274 0 0 0 0 0 32 220 460 288 0 0 0 0 0 43 207 446 304 0 0 0 0 0
44 216 440 300 0 0 0 0 0 130 376 375 119 0 0 0 0 0 44 235 430 291 0 0 0 0 0 37 236 434 293 0 0 0 0 0 45 220 441 294 0 0 0 0 0 34 219 450 297 0 0 0 0 0 32 227 458 283 0 0 0 0 0
31 247 412 310 0 0 0 0 0 136 400 352 112 0 0 0 0 0 40 220 429 311 0 0 0 0 0 34 205 461 300 0 0 0 0 0 41 237 434 288 0 0 0 0 0 45 227 418 310 0 0 0 0 0 38 209 442 311 0 0 0 0 0
38 228 431 303 0 0 0 0 0 136 373 376 115 0 0 0 0 0 30 215 447 308 0 0 0 0 0 37 233 450 280 0 0 0 0 0 34 209 439 318 0 0 0 0 0 25 193 476 306 0 0 0 0 0 37 233 439 291 0 0 0 0 0
37 230 413 320 0 0 0 0 0 127 373 362 138 0 0 0 0 0 28 220 426 326 0 0 0 0 0 37 201 466 296 0 0 0 0 0 29 219 442 310 0 0 0 0 0 32 219 432 317 0 0 0 0 0 37 195 443 325 0 0 0 0 0
39 219 439 303 0 0 0 0 0 129 380 357 134 0 0 0 0 0 37 207 444 312 0 0 0 0 0 41 213 464 282 0 0 0 0 0 25 214 453 308 0 0 0 0 0 26 209 462 303 0 0 0 0 0 34 207 455 304 0 0 0 0 0
34 207 471 288 0 0 0 0 0 118 398 374 110 0 0 0 0 0 31 212 450 307 0 0 0 0 0 29 212 451 308 0 0 0 0 0 38 221 445 296 0 0 0 0 0 32 218 450 300 0 0 0 0 0 35 236 437 292 0 0 0 0 0
25 220 455 300 0 0 0 0 0 129 388 347 136 0 0 0 0 0 31 211 443 315 0 0 0 0 0 37 206 408 349 0 0 0 0 0 28 228 421 323 0 0 0 0 0 43 210 471 276 0 0 0 0 0 30 207 444 319 0 0 0 0 0
33 194 461 312 0 0 0 0 0 120 364 372 144 0 0 0 0 0 24 202 453 321 0 0 0 0 0 34 202 408 356 0 0 0 0 0 28 219 451 302 0 0 0 0 0 25 234 428 313 0 0 0 0 0 38 207 450 305 0 0 0 0 0
31 204 455 310 0 0 0 0 0 111 383 365 141 0 0 0 0 0 38 198 441 323 0 0 0 0 0 35 204 448 313 0 0 0 0 0 29 182 475 314 0 0 0 0 0 42 171 484 303 0 0 0 0 0 32 183 445 340 0 0 0 0 0
24 195 434 347 0 0 0 0 0 107 381 377 135 0 0 0 0 0 21 200 437 342 0 0 0 0 0 39 216 444 301 0 0 0 0 0 30 192 456 322 0 0 0 0 0 34 192 443 331 0 0 0 0 0 28 196 448 328 0 0 0 0 0
31 205 462 302 0 0 0 0 0 109 362 374 155 0 0 0 0 0 28 198 451 323 0 0 0 0 0 30 180 461 329 0 0 0 0 0 29 227 413 331 0 0 0 0 0 36 204 428 332 0 0 0 0 0 31 199 474 296 0 0 0 0 0
23 234 451 292 0 0 0 0 0 133 354 388 125 0 0 0 0 0 29 203 445 323 0 0 0 0 0 32 209 438 321 0 0 0 0 0 26 175 441 358 0 0 0 0 0 42 188 448 322 0 0 0 0 0 32 217 436 315 0 0 0 0 0
26 207 446 321 0 0 0 0 0 114 361 380 145 0 0 0 0 0 28 199 432 341 0 0 0 0 0 16 187 443 354 0 0 0 0 0 27 203 455 315 0 0 0 0 0 26 215 452 307 0 0 0 0 0 24 200 437 339 0 0 0 0 0
37 190 429 344 0 0 0 0 0 114 346 391 149 0 0 0 0 0 30 196 440 334 0 0 0 0 0 21 174 438 367 0 0 0 0 0 25 186 464 325 0 0 0 0 0 22 203 436 339 0 0 0 0 0 39 185 450 326 0 0 0 0 0
27 188 433 352 0 0 0 0 0 117 353 395 135 0 0 0 0 0 27 189 420 364 0 0 0 0 0 25 205 435 335 0 0 0 0 0 32 195 442 331 0 0 0 0 0 26 194 430 350 0 0 0 0 0 20 221 433 326 0 0 0 0 0
38 169 455 338 0 0 0 0 0 108 345 385 162 0 0 0 0 0 19 193 447 341 0 0 0 0 0 23 212 462 303 0 0 0 0 0 31 199 427 343 0 0 0 0 0 24 218 436 322 0 0 0 0 0 28 164 467 341 0 0 0 0 0
26 182 445 347 0 0 0 0 0 100 349 400 151 0 0 0 0 0 22 185 439 354 0 0 0 0 0 38 186 439 337 0 0 0 0 0 28 214 419 339 0 0 0 0 0 28 204 420 348 0 0 0 0 0 21 203 422 354 0 0 0 0 0
20 198 443 339 0 0 0 0 0 90 377 385 148 0 0 0 0 0 29 176 447 348 0 0 0 0 0 20 205 438 337 0 0 0 0 0 32 196 415 357 0 0 0 0 0 28 200 396 376 0 0 0 0 0 28 206 420 346 0 0 0 0 0
17 201 433 349 0 0 0 0 0 99 359 403 139 0 0 0 0 0 26 178 438 358 0 0 0 0 0 25 189 440 346 0 0 0 0 0 29 191 440 340 0 0 0 0 0 28 175 460 337 0 0 0 0 0 21 195 436 348 0 0 0 0 0
22 166 439 373 0 0 0 0 0 95 354 404 147 0 0 0 0 0 26 172 449 353 0 0 0 0 0 19 188 410 383 0 0 0 0 0 21 178 471 330 0 0 0 0 0 32 173 450 345 0 0 0 0 0 19 185 441 355 0 0 0 0 0
30 179 426 365 0 0 0 0 0 83 345 424 148 0 0 0 0 0 26 182 416 376 0 0 0 0 0 26 208 414 352 0 0 0 0 0 22 204 435 339 0 0 0 0 0 23 185 456 336 0 0 0 0 0 27 188 427 358 0 0 0 0 0
24 184 427 365 0 0 0 0 0 100 383 388 129 0 0 0 0 0 18 188 429 365 0 0 0 0 0 29 168 428 375 0 0 0 0 0 30 181 414 375 0 0 0 0 0 29 184 429 358 0 0 0 0 0 29 175 437 359 0 0 0 0 0
20 157 463 360 0 0 0 0 0 101 306 443 150 0 0 0 0 0 22 168 458 352 0 0 0 0 0 23 196 440 341 0 0 0 0 0 20 193 447 340 0 0 0 0 0 24 191 451 334 0 0 0 0 0 19 184 433 364 0 0 0 0 0
23 177 428 372 0 0 0 0 0 99 345 389 167 0 0 0 0 0 36 161 444 359 0 0 0 0 0 25 169 447 359 0 0 0 0 0 23 174 451 352 0 0 0 0 0 26 192 446 336 0 0 0 0 0 29 176 421 374 0 0 0 0 0
17 165 453 365 0 0 0 0 0 93 330 398 179 0 0 0 0 0 24 178 406 392 0 0 0 0 0 17 169 450 364 0 0 0 0 0 21 178 433 368 0 0 0 0 0 22 180 425 373 0 0 0 0 0 26 171 451 352 0 0 0 0 0
22 186 436 356 0 0 0 0 0 102 311 421 166 0 0 0 0 0 23 169 427 381 0 0 0 0 0 19 153 426 402 0 0 0 0 0 24 147 455 374 0 0 0 0 0 23 173 437 367 0 0 0 0 0 21 155 434 390 0 0 0 0 0
21 174 461 344 0 0 0 0 0 101 316 408 175 0 0 0 0 0 24 153 439 384 0 0 0 0 0 25 187 416 372 0 0 0 0 0 19 157 455 369 0 0 0 0 0 19 174 436 371 0 0 0 0 0 24 175 428 373 0 0 0 0 0
19 154 433 394 0 0 0 0 0 87 320 418 175 0 0 0 0 0 19 176 414 391 0 0 0 0 0 22 156 417 405 0 0 0 0 0 20 162 420 398 0 0 0 0 0 18 176 434 372 0 0 0 0 0 20 150 456 374 0 0 0 0 0
21 179 408 392 0 0 0 0 0 70 322 441 167 0 0 0 0 0 17 167 424 392 0 0 0 0 0 28 149 416 407 0 0 0 0 0 21 170 440 369 0 0 0 0 0 26 172 414 388 0 0 0 0 0 22 180 448 350 0 0 0 0 0
22 177 426 375 0 0 0 0 0 86 366 413 135 0 0 0 0 0 20 163 444 373 0 0 0 0 0 23 139 425 413 0 0 0 0 0 20 177 407 396 0 0 0 0 0 21 169 405 405 0 0 0 0 0 14 149 439 398 0 0 0 0 0
16 140 411 433 0 0 0 0 0 105 323 412 160 0 0 0 0 0 19 143 442 396 0 0 0 0 0 15 156 443 386 0 0 0 0 0 23 154 451 372 0 0 0 0 0 19 152 431 398 0 0 0 0 0 10 164 423 403 0 0 0 0 0
12 162 421 405 0 0 0 0 0 88 324 426 162 0 0 0 0 0 21 145 436 398 0 0 0 0 0 14 144 425 417 0 0 0 0 0 17 183 429 371 0 0 0 0 0 18 176 429 377 0 0 0 0 0 19 146 438 397 0 0 0 0 0
18 156 432 394 0 0 0 0 0 89 311 414 186 0 0 0 0 0 19 145 447 389 0 0 0 0 0 26 156 436 382 0 0 0 0 0 19 138 427 416 0 0 0 0 0 19 171 410 400 0 0 0 0 0 21 163 435 381 0 0 0 0 0
15 171 427 387 0 0 0 0 0 86 334 413 167 0 0 0 0 0 22 159 424 395 0 0 0 0 0 15 161 433 391 0 0 0 0 0 17 165 430 388 0 0 0 0 0 20 151 404 425 0 0 0 0 0 21 154 451 374 0 0 0 0 0
22 154 431 393 0 0 0 0 0 69 342 410 179 0 0 0 0 0 18 188 373 421 0 0 0 0 0 22 164 417 397 0 0 0 0 0 13 156 434 397 0 0 0 0 0 17 159 435 389 0 0 0 0 0 24 141 426 409 0 0 0 0 0
14 146 425 415 0 0 0 0 0 75 309 434 182 0 0 0 0 0 18 158 422 402 0 0 0 0 0 16 139 471 374 0 0 0 0 0 17 142 427 414 0 0 0 0 0 15 159 433 393 0 0 0 0 0 20 138 417 425 0 0 0 0 0
22 158 389 431 0 0 0 0 0 90 330 416 164 0 0 0 0 0 24 130 431 415 0 0 0 0 0 21 156 412 411 0 0 0 0 0 15 145 419 421 0 0 0 0 0 11 149 429 411 0 0 0 0 0 17 148 414 421 0 0 0 0 0
17 138 440 405 0 0 0 0 0 70 301 424 205 0 0 0 0 0 23 142 433 402 0 0 0 0 0 21 139 427 413 0 0 0 0 0 19 145 430 406 0 0 0 0 0 15 151 432 402 0 0 0 0 0 20 138 411 431 0 0 0 0 0
6 157 438 399 0 0 0 0 0 76 305 432 187 0 0 0 0 0 16 169 400 415 0 0 0 0 0 16 155 441 388 0 0 0 0 0 23 139 437 401 0 0 0 0 0 14 151 394 441 0 0 0 0 0 16 113 423 448 0 0 0 0 0
18 132 459 391 0 0 0 0 0 85 309 427 179 0 0 0 0 0 16 137 414 433 0 0 0 0 0 8 143 431 418 0 0 0 0 0 15 118 417 450 0 0 0 0 0 8 140 443 409 0 0 0 0 0 17 146 439 398 0 0 0 0 0
11 148 405 436 0 0 0 0 0 59 310 427 204 0 0 0 0 0 16 153 424 407 0 0 0 0 0 17 137 419 427 0 0 0 0 0 20 132 413 435 0 0 0 0 0 14 166 420 400 0 0 0 0 0 13 132 444 411 0 0 0 0 0
14 137 419 430 0 0 0 0 0 78 293 427 202 0 0 0 0 0 10 131 414 445 0 0 0 0 0 10 149 423 418 0 0 0 0 0 12 119 425 444 0 0 0 0 0 11 142 417 430 0 0 0 0 0 11 130 427 432 0 0 0 0 0
14 146 395 445 0 0 0 0 0 66 315 427 192 0 0 0 0 0 14 152 411 423 0 0 0 0 0 13 122 427 438 0 0 0 0 0 19 131 403 447 0 0 0 0 0 13 163 403 421 0 0 0 0 0 15 150 388 447 0 0 0 0 0
12 147 413 428 0 0 0 0 0 65 305 424 206 0 0 0 0 0 7 137 414 442 0 0 0 0 0 17 136 413 434 0 0 0 0 0 16 141 424 419 0 0 0 0 0 20 139 419 422 0 0 0 0 0 18 135 432 415 0 0 0 0 0
16 141 432 411 0 0 0 0 0 77 303 408 212 0 0 0 0 0 17 126 449 408 0 0 0 0 0 20 131 414 435 0 0 0 0 0 20 128 420 432 0 0 0 0 0 13 145 413 429 0 0 0 0 0 19 139 401 441 0 0 0 0 0
16 148 387 449 0 0 0 0 0 64 305 415 216 0 0 0 0 0 14 133 437 416 0 0 0 0 0 18 125 413 444 0 0 0 0 0 14 126 416 444 0 0 0 0 0 16 141 414 429 0 0 0 0 0 17 118 409 456 0 0 0 0 0
11 134 432 423 0 0 0 0 0 67 310 420 203 0 0 0 0 0 18 114 421 447 0 0 0 0 0 12 136 402 450 0 0 0 0 0 17 143 408 432 0 0 0 0 0 10 127 414 449 0 0 0 0 0 8 150 406 436 0 0 0 0 0
13 137 399 451 0 0 0 0 0 68 302 430 200 0 0 0 0 0 16 128 432 424 0 0 0 0 0 11 133 426 430 0 0 0 0 0 8 130 428 434 0 0 0 0 0 8 137 417 438 0 0 0 0 0 21 137 405 437 0 0 0 0 0
18 122 430 430 0 0 0 0 0 80 286 428 206 0 0 0 0 0 18 132 414 436 0 0 0 0 0 11 140 403 446 0 0 0 0 0 19 120 408 453 0 0 0 0 0 14 126 401 459 0 0 0 0 0 14 130 427 429 0 0 0 0 0
18 124 408 450 0 0 0 0 0 82 273 437 208 0 0 0 0 0 10 103 417 470 0 0 0 0 0 12 119 406 463 0 0 0 0 0 4 129 403 464 0 0 0 0 0 9 120 399 472 0 0 0 0 0 10 100 442 448 0 0 0 0 0
23 127 400 450 0 0 0 0 0 67 290 423 220 0 0 0 0 0 17 117 401 465 0 0 0 0 0 9 115 410 466 0 0 0 0 0 10 133 417 440 0 0 0 0 0 15 124 428 433 0 0 0 0 0 13 116 440 431 0 0 0 0 0
10 139 427 424 0 0 0 0 0 71 302 430 197 0 0 0 0 0 12 130 407 451 0 0 0 0 0 8 143 405 444 0 0 0 0 0 9 105 438 448 0 0 0 0 0 18 131 393 458 0 0 0 0 0 8 130 431 431 0 0 0 0 0
11 114 429 446 0 0 0 0 0 69 280 449 202 0 0 0 0 0 6 127 424 443 0 0 0 0 0 11 120 400 469 0 0 0 0 0 7 125 412 456 0 0 0 0 0 9 122 427 442 0 0 0 0 0 14 146 346 494 0 0 0 0 0
15 116 414 455 0 0 0 0 0 66 283 426 225 0 0 0 0 0 10 134 368 488 0 0 0 0 0 14 116 414 456 0 0 0 0 0 9 121 423 447 0 0 0 0 0 10 119 407 464 0 0 0 0 0 11 129 400 460 0 0 0 0 0
14 114 415 457 0 0 0 0 0 59 300 451 190 0 0 0 0 0 10 108 400 482 0 0 0 0 0 9 106 411 474 0 0 0 0 0 11 108 411 470 0 0 0 0 0 13 116 405 466 0 0 0 0 0 11 119 390 480 0 0 0 0 0
7 122 413 458 0 0 0 0 0 71 278 423 228 0 0 0 0 0 11 103 419 467 0 0 0 0 0 18 130 377 475 0 0 0 0 0 12 106 386 496 0 0 0 0 0 15 107 378 500 0 0 0 0 0 13 113 413 461 0 0 0 0 0
9 102 427 462 0 0 0 0 0 72 306 413 209 0 0 0 0 0 12 118 406 464 0 0 0 0 0 11 127 391 471 0 0 0 0 0 1 108 403 488 0 0 0 0 0 10 114 393 483 0 0 0 0 0 5 107 404 484 0 0 0 0 0
14 115 419 452 0 0 0 0 0 58 304 409 229 0 0 0 0 0 10 120 396 474 0 0 0 0 0 14 105 386 495 0 0 0 0 0 15 120 382 483 0 0 0 0 0 12 107 393 488 0 0 0 0 0 13 121 404 462 0 0 0 0 0
11 121 394 474 0 0 0 0 0 54 262 462 222 0 0 0 0 0 13 104 426 457 0 0 0 0 0 5 106 402 487 0 0 0 0 0 13 103 380 504 0 0 0 0 0 10 113 425 452 0 0 0 0 0 8 100 384 508 0 0 0 0 0
7 125 381 487 0 0 0 0 0 63 271 433 233 0 0 0 0 0 8 119 400 473 0 0 0 0 0 11 113 400 476 0 0 0 0 0 12 104 393 491 0 0 0 0 0 11 96 426 467 0 0 0 0 0 14 104 377 505 0 0 0 0 0
5 99 439 457 0 0 0 0 0 47 282 447 224 0 0 0 0 0 10 104 403 483 0 0 0 0 0 14 111 414 461 0 0 0 0 0 8 115 390 487 0 0 0 0 0 12 107 379 502 0 0 0 0 0 15 112 389 484 0 0 0 0 0
12 111 387 490 0 0 0 0 0 61 265 450 224 0 0 0 0 0 14 117 385 484 0 0 0 0 0 7 114 365 514 0 0 0 0 0 7 111 400 482 0 0 0 0 0 12 100 406 482 0 0 0 0 0 12 99 410 479 0 0 0 0 0
7 118 407 468 0 0 0 0 0 50 274 433 243 0 0 0 0 0 12 128 371 489 0 0 0 0 0 8 107 401 484 0 0 0 0 0 10 109 389 492 0 0 0 0 0 11 103 423 463 0 0 0 0 0 7 114 403 476 0 0 0 0 0
12 102 395 491 0 0 0 0 0 58 294 429 219 0 0 0 0 0 16 114 382 488 0 0 0 0 0 12 87 412 489 0 0 0 0 0 9 124 400 467 0 0 0 0 0 10 97 427 466 0 0 0 0 0 12 92 366 530 0 0 0 0 0
10 101 387 502 0 0 0 0 0 62 260 458 220 0 0 0 0 0 4 124 421 451 0 0 0 0 0 16 98 375 511 0 0 0 0 0 6 100 398 496 0 0 0 0 0 9 104 424 463 0 0 0 0 0 12 119 406 463 0 0 0 0 0
13 98 379 510 0 0 0 0 0 61 267 425 247 0 0 0 0 0 4 111 393 492 0 0 0 0 0 12 112 371 505 0 0 0 0 0 5 105 378 512 0 0 0 0 0 11 114 370 505 0 0 0 0 0 6 109 404 481 0 0 0 0 0
7 104 390 499 0 0 0 0 0 48 271 442 239 0 0 0 0 0 10 111 407 472 0 0 0 0 0 10 107 398 485 0 0 0 0 0 9 103 407 481 0 0 0 0 0 10 92 383 515 0 0 0 0 0 10 97 390 503 0 0 0 0 0
5 97 373 525 0 0 0 0 0 54 249 449 248 0 0 0 0 0 6 94 386 514 0 0 0 0 0 12 110 383 495 0 0 0 0 0 14 89 410 487 0 0 0 0 0 6 112 394 488 0 0 0 0 0 16 97 399 488 0 0 0 0 0
8 113 406 473 0 0 0 0 0 48 268 434 250 0 0 0 0 0 8 100 398 494 0 0 0 0 0 7 105 359 529 0 0 0 0 0 10 93 363 534 0 0 0 0 0 7 107 377 509 0 0 0 0 0 2 82 400 516 0 0 0 0 0
14 108 392 486 0 0 0 0 0 50 248 470 232 0 0 0 0 0 13 93 375 519 0 0 0 0 0 7 128 383 482 0 0 0 0 0 15 104 369 512 0 0 0 0 0 9 86 397 508 0 0 0 0 0 8 113 353 526 0 0 0 0 0
5 99 391 505 0 0 0 0 0 54 264 434 248 0 0 0 0 0 8 104 382 506 0 0 0 0 0 7 105 388 500 0 0 0 0 0 10 102 394 494 0 0 0 0 0 9 97 408 486 0 0 0 0 0 8 119 398 475 0 0 0 0 0
12 78 392 518 0 0 0 0 0 47 256 448 249 0 0 0 0 0 5 84 380 531 0 0 0 0 0 3 108 380 509 0 0 0 0 0 2 81 387 530 0 0 0 0 0 14 95 376 515 0 0 0 0 0 9 88 370 533 0 0 0 0 0
12 92 371 525 0 0 0 0 0 52 270 440 238 0 0 0 0 0 6 91 394 509 0 0 0 0 0 9 91 361 539 0 0 0 0 0 9 89 382 520 0 0 0 0 0 7 98 365 530 0 0 0 0 0 9 88 397 506 0 0 0 0 0
8 97 381 514 0 0 0 0 0 56 269 407 268 0 0 0 0 0 11 82 387 520 0 0 0 0 0 5 106 376 513 0 0 0 0 0 6 109 380 505 0 0 0 0 0 9 81 398 512 0 0 0 0 0 9 87 401 503 0 0 0 0 0
5 91 387 517 0 0 0 0 0 44 233 443 280 0 0 0 0 0 8 96 383 513 0 0 0 0 0 1 102 377 520 0 0 0 0 0 8 75 398 519 0 0 0 0 0 7 93 383 517 0 0 0 0 0 7 101 406 486 0 0 0 0 0
6 99 384 511 0 0 0 0 0 40 247 449 264 0 0 0 0 0 5 97 361 537 0 0 0 0 0 8 106 376 510 0 0 0 0 0 8 89 381 522 0 0 0 0 0 9 93 375 523 0 0 0 0 0 8 89 348 555 0 0 0 0 0
4 79 384 533 0 0 0 0 0 34 222 467 277 0 0 0 0 0 9 81 371 539 0 0 0 0 0 11 82 376 531 0 0 0 0 0 7 96 385 512 0 0 0 0 0 9 99 355 537 0 0 0 0 0 9 95 340 556 0 0 0 0 0
7 84 384 525 0 0 0 0 0 45 260 441 254 0 0 0 0 0 7 93 392 508 0 0 0 0 0 7 88 378 527 0 0 0 0 0 6 88 364 542 0 0 0 0 0 5 91 361 543 0 0 0 0 0 7 81 386 526 0 0 0 0 0
9 78 392 521 0 0 0 0 0 57 238 455 250 0 0 0 0 0 9 92 353 546 0 0 0 0 0 7 84 395 514 0 0 0 0 0 7 87 412 494 0 0 0 0 0 5 87 383 525 0 0 0 0 0 3 93 372 532 0 0 0 0 0
8 87 384 521 0 0 0 0 0 46 250 438 266 0 0 0 0 0 9 67 373 551 0 0 0 0 0 1 100 378 521 0 0 0 0 0 8 93 375 524 0 0 0 0 0 8 88 379 525 0 0 0 0 0 5 80 355 560 0 0 0 0 0
6 87 383 524 0 0 0 0 0 53 231 451 265 0 0 0 0 0 4 78 366 552 0 0 0 0 0 6 88 347 559 0 0 0 0 0 11 78 359 552 0 0 0 0 0 8 75 385 532 0 0 0 0 0 5 91 367 537 0 0 0 0 0
9 88 359 544 0 0 0 0 0 46 241 437 276 0 0 0 0 0 2 73 371 554 0 0 0 0 0 9 96 370 525 0 0 0 0 0 4 81 380 535 0 0 0 0 0 6 102 331 561 0 0 0 0 0 9 81 343 567 0 0 0 0 0
7 91 371 531 0 0 0 0 0 39 233 444 284 0 0 0 0 0 4 87 375 534 0 0 0 0 0 6 89 362 543 0 0 0 0 0 4 84 365 547 0 0 0 0 0 6 85 369 540 0 0 0 0 0 6 78 346 570 0 0 0 0 0
2 90 408 500 0 0 0 0 0 37 256 427 280 0 0 0 0 0 4 85 370 541 0 0 0 0 0 9 97 351 543 0 0 0 0 0 5 85 391 519 0 0 0 0 0 7 92 397 504 0 0 0 0 0 5 83 355 557 0 0 0 0 0
6 87 360 547 0 0 0 0 0 54 243 413 290 0 0 0 0 0 3 63 384 550 0 0 0 0 0 2 66 382 550 0 0 0 0 0 5 87 354 554 0 0 0 0 0 6 75 372 547 0 0 0 0 0 7 84 355 554 0 0 0 0 0
1 79 381 539 0 0 0 0 0 40 248 426 286 0 0 0 0 0 3 86 345 566 0 0 0 0 0 6 94 375 525 0 0 0 0 0 5 73 360 562 0 0 0 0 0 5 73 397 525 0 0 0 0 0 5 71 387 537 0 0 0 0 0
6 96 355 543 0 0 0 0 0 34 246 467 253 0 0 0 0 0 7 80 358 555 0 0 0 0 0 3 88 375 534 0 0 0 0 0 2 80 367 551 0 0 0 0 0 7 78 385 530 0 0 0 0 0 6 73 354 567 0 0 0 0 0
8 92 351 549 0 0 0 0 0 45 245 445 265 0 0 0 0 0 7 70 329 594 0 0 0 0 0 3 65 345 587 0 0 0 0 0 4 72 349 575 0 0 0 0 0 4 80 357 559 0 0 0 0 0 6 73 357 564 0 0 0 0 0
4 72 327 597 0 0 0 0 0 34 228 445 293 0 0 0 0 0 4 74 333 589 0 0 0 0 0 10 89 361 540 0 0 0 0 0 3 79 365 553 0 0 0 0 0 9 91 357 543 0 0 0 0 0 6 95 345 554 0 0 0 0 0
9 88 350 553 0 0 0 0 0 39 230 446 285 0 0 0 0 0 4 56 357 583 0 0 0 0 0 5 80 330 585 0 0 0 0 0 4 78 392 526 0 0 0 0 0 9 80 360 551 0 0 0 0 0 6 75 327 592 0 0 0 0 0
4 65 338 593 0 0 0 0 0 50 232 441 277 0 0 0 0 0 5 63 352 580 0 0 0 0 0 5 73 388 534 0 0 0 0 0 7 78 332 583 0 0 0 0 0 10 67 359 564 0 0 0 0 0 5 77 371 547 0 0 0 0 0
5 89 328 578 0 0 0 0 0 47 237 431 285 0 0 0 0 0 5 92 339 564 0 0 0 0 0 4 64 357 575 0 0 0 0 0 4 88 353 555 0 0 0 0 0 2 75 339 584 0 0 0 0 0 5 73 343 579 0 0 0 0 0
4 86 355 555 0 0 0 0 0 42 237 440 281 0 0 0 0 0 4 60 361 575 0 0 0 0 0 6 80 364 550 0 0 0 0 0 6 70 385 539 0 0 0 0 0 10 92 324 574 0 0 0 0 0 3 78 352 567 0 0 0 0 0
4 82 347 567 0 0 0 0 0 35 201 472 292 0 0 0 0 0 5 66 331 598 0 0 0 0 0 6 89 339 566 0 0 0 0 0 6 80 342 572 0 0 0 0 0 2 71 372 555 0 0 0 0 0 5 65 383 547 0 0 0 0 0
7 75 348 570 0 0 0 0 0 39 207 472 282 0 0 0 0 0 3 76 351 570 0 0 0 0 0 8 72 328 592 0 0 0 0 0 2 86 371 541 0 0 0 0 0 4 64 349 583 0 0 0 0 0 6 77 365 552 0 0 0 0 0
4 75 337 584 0 0 0 0 0 35 200 443 322 0 0 0 0 0 7 60 344 589 0 0 0 0 0 4 65 342 589 0 0 0 0 0 6 74 334 586 0 0 0 0 0 1 64 366 569 0 0 0 0 0 3 66 360 571 0 0 0 0 0
9 70 350 571 0 0 0 0 0 34 208 467 291 0 0 0 0 0 3 63 351 583 0 0 0 0 0 3 81 346 570 0 0 0 0 0 5 72 340 583 0 0 0 0 0 10 92 319 579 0 0 0 0 0 2 65 330 603 0 0 0 0 0
5 66 333 596 0 0 0 0 0 30 220 432 318 0 0 0 0 0 5 77 365 553 0 0 0 0 0 10 62 321 607 0 0 0 0 0 2 64 357 577 0 0 0 0 0 2 75 361 562 0 0 0 0 0 4 86 336 574 0 0 0 0 0
4 68 384 544 0 0 0 0 0 31 209 487 273 0 0 0 0 0 5 56 373 566 0 0 0 0 0 3 58 337 602 0 0 0 0 0 8 63 346 583 0 0 0 0 0 6 75 344 575 0 0 0 0 0 10 66 368 556 0 0 0 0 0
6 73 344 577 0 0 0 0 0 36 222 438 304 0 0 0 0 0 5 67 370 558 0 0 0 0 0 2 64 328 606 0 0 0 0 0 7 64 342 587 0 0 0 0 0 4 68 350 578 0 0 0 0 0 1 81 337 581 0 0 0 0 0
5 78 337 580 0 0 0 0 0 31 220 445 304 0 0 0 0 0 7 56 337 600 0 0 0 0 0 11 59 347 583 0 0 0 0 0 3 69 344 584 0 0 0 0 0 6 69 324 601 0 0 0 0 0 4 70 325 601 0 0 0 0 0
4 72 326 598 0 0 0 0 0 37 218 437 308 0 0 0 0 0 3 66 341 590 0 0 0 0 0 1 73 390 536 0 0 0 0 0 3 52 348 597 0 0 0 0 0 6 59 360 575 0 0 0 0 0 5 59 357 579 0 0 0 0 0
0 64 331 605 0 0 0 0 0 27 241 451 281 0 0 0 0 0 6 70 305 619 0 0 0 0 0 3 61 331 605 0 0 0 0 0 5 61 317 617 0 0 0 0 0 3 65 354 578 0 0 0 0 0 5 69 324 602 0 0 0 0 0
3 62 338 597 0 0 0 0 0 31 228 414 327 0 0 0 0 0 3 58 340 599 0 0 0 0 0 3 74 370 553 0 0 0 0 0 4 50 337 609 0 0 0 0 0 6 66 297 631 0 0 0 0 0 5 74 313 608 0 0 0 0 0
5 50 336 609 0 0 0 0 0 44 217 422 317 0 0 0 0 0 6 65 321 608 0 0 0 0 0 7 61 341 591 0 0 0 0 0 7 56 323 614 0 0 0 0 0 5 59 347 589 0 0 0 0 0 2 74 328 596 0 0 0 0 0
4 70 319 607 0 0 0 0 0 39 209 469 283 0 0 0 0 0 5 55 341 599 0 0 0 0 0 4 71 313 612 0 0 0 0 0 2 65 323 610 0 0 0 0 0 5 63 315 617 0 0 0 0 0 7 50 352 591 0 0 0 0 0
4 55 316 625 0 0 0 0 0 35 223 436 306 0 0 0 0 0 2 68 333 597 0 0 0 0 0 2 69 347 582 0 0 0 0 0 4 63 321 612 0 0 0 0 0 4 67 336 593 0 0 0 0 0 6 53 348 593 0 0 0 0 0
5 65 333 597 0 0 0 0 0 29 202 447 322 0 0 0 0 0 3 57 369 571 0 0 0 0 0 5 70 317 608 0 0 0 0 0 9 55 331 605 0 0 0 0 0 6 61 332 601 0 0 0 0 0 1 68 337 594 0 0 0 0 0
4 66 326 604 0 0 0 0 0 31 210 443 316 0 0 0 0 0 4 56 343 597 0 0 0 0 0 2 53 346 599 0 0 0 0 0 3 46 334 617 0 0 0 0 0 4 46 342 608 0 0 0 0 0 3 53 322 622 0 0 0 0 0
3 56 347 594 0 0 0 0 0 35 183 447 335 0 0 0 0 0 2 51 301 646 0 0 0 0 0 6 44 341 609 0 0 0 0 0 3 63 315 619 0 0 0 0 0 2 72 334 592 0 0 0 0 0 2 77 297 624 0 0 0 0 0
3 57 339 601 0 0 0 0 0 29 212 437 322 0 0 0 0 0 4 65 354 577 0 0 0 0 0 5 57 308 630 0 0 0 0 0 3 53 313 631 0 0 0 0 0 0 58 346 596 0 0 0 0 0 7 48 338 607 0 0 0 0 0
2 52 347 599 0 0 0 0 0 33 191 460 316 0 0 0 0 0 2 62 321 615 0 0 0 0 0 3 47 321 629 0 0 0 0 0 3 60 306 631 0 0 0 0 0 4 41 350 605 0 0 0 0 0 2 62 310 626 0 0 0 0 0
4 73 285 638 0 0 0 0 0 28 193 461 318 0 0 0 0 0 3 53 324 620 0 0 0 0 0 1 65 298 636 0 0 0 0 0 3 63 341 593 0 0 0 0 0 4 61 332 603 0 0 0 0 0 0 57 326 617 0 0 0 0 0
7 59 318 616 0 0 0 0 0 32 200 438 330 0 0 0 0 0 5 51 313 631 0 0 0 0 0 2 63 269 666 0 0 0 0 0 2 54 334 610 0 0 0 0 0 5 45 317 633 0 0 0 0 0 4 57 307 632 0 0 0 0 0
2 57 317 624 0 0 0 0 0 36 186 442 336 0 0 0 0 0 2 47 320 631 0 0 0 0 0 1 62 330 607 0 0 0 0 0 4 40 335 621 0 0 0 0 0 3 52 317 628 0 0 0 0 0 2 65 327 606 0 0 0 0 0
5 61 304 630 0 0 0 0 0 34 195 427 344 0 0 0 0 0 3 56 316 625 0 0 0 0 0 3 51 328 618 0 0 0 0 0 2 66 318 614 0 0 0 0 0 2 63 295 640 0 0 0 0 0 4 50 311 635 0 0 0 0 0
6 57 323 614 0 0 0 0 0 28 189 479 304 0 0 0 0 0 4 43 349 604 0 0 0 0 0 4 62 320 614 0 0 0 0 0 1 43 330 626 0 0 0 0 0 3 63 310 624 0 0 0 0 0 5 47 308 640 0 0 0 0 0
4 52 314 630 0 0 0 0 0 23 198 426 353 0 0 0 0 0 4 65 319 612 0 0 0 0 0 3 58 316 623 0 0 0 0 0 2 48 333 617 0 0 0 0 0 1 56 319 624 0 0 0 0 0 6 60 324 610 0 0 0 0 0
1 59 314 626 0 0 0 0 0 24 190 454 332 0 0 0 0 0 4 52 303 641 0 0 0 0 0 2 54 308 636 0 0 0 0 0 2 58 295 645 0 0 0 0 0 5 50 313 632 0 0 0 0 0 5 32 290 673 0 0 0 0 0
3 40 335 622 0 0 0 0 0 26 200 443 331 0 0 0 0 0 2 49 325 624 0 0 0 0 0 2 69 309 620 0 0 0 0 0 2 44 347 607 0 0 0 0 0 0 53 327 620 0 0 0 0 0 0 59 311 630 0 0 0 0 0
3 55 321 621 0 0 0 0 0 35 201 431 333 0 0 0 0 0 2 53 309 636 0 0 0 0 0 2 40 326 632 0 0 0 0 0 2 46 317 635 0 0 0 0 0 2 39 328 631 0 0 0 0 0 5 60 299 636 0 0 0 0 0
3 58 301 638 0 0 0 0 0 38 185 456 321 0 0 0 0 0 1 44 288 667 0 0 0 0 0 1 57 302 640 0 0 0 0 0 2 47 352 599 0 0 0 0 0 7 57 311 625 0 0 0 0 0 4 46 302 648 0 0 0 0 0
4 48 322 626 0 0 0 0 0 20 172 459 349 0 0 0 0 0 5 67 319 609 0 0 0 0 0 7 60 299 634 0 0 0 0 0 6 53 300 641 0 0 0 0 0 2 52 322 624 0 0 0 0 0 7 44 335 614 0 0 0 0 0
1 36 280 683 0 0 0 0 0 23 166 447 364 0 0 0 0 0 4 51 302 643 0 0 0 0 0 2 54 294 650 0 0 0 0 0 4 61 287 648 0 0 0 0 0 5 54 315 626 0 0 0 0 0 8 48 303 641 0 0 0 0 0
7 59 285 649 0 0 0 0 0 21 188 447 344 0 0 0 0 0 3 47 311 639 0 0 0 0 0 5 50 297 648 0 0 0 0 0 3 52 294 651 0 0 0 0 0 0 59 330 611 0 0 0 0 0 2 48 365 585 0 0 0 0 0
2 49 324 625 0 0 0 0 0 32 189 458 321 0 0 0 0 0 4 50 328 618 0 0 0 0 0 0 50 302 648 0 0 0 0 0 1 42 321 636 0 0 0 0 0 2 49 316 633 0 0 0 0 0 2 48 320 630 0 0 0 0 0
2 50 310 638 0 0 0 0 0 24 187 445 344 0 0 0 0 0 2 51 300 647 0 0 0 0 0 1 45 348 606 0 0 0 0 0 3 41 299 657 0 0 0 0 0 2 38 291 669 0 0 0 0 0 1 50 309 640 0 0 0 0 0
1 43 316 640 0 0 0 0 0 34 193 456 317 0 0 0 0 0 3 52 308 637 0 0 0 0 0 4 42 303 651 0 0 0 0 0 4 42 302 652 0 0 0 0 0 5 60 307 628 0 0 0 0 0 4 54 309 633 0 0 0 0 0
4 42 309 645 0 0 0 0 0 29 173 456 342 0 0 0 0 0 2 38 302 658 0 0 0 0 0 1 52 319 628 0 0 0 0 0 1 60 295 644 0 0 0 0 0 2 41 288 669 0 0 0 0 0 3 46 300 651 0 0 0 0 0
1 48 288 663 0 0 0 0 0 17 176 452 355 0 0 0 0 0 4 48 279 669 0 0 0 0 0 2 58 357 583 0 0 0 0 0 5 43 303 649 0 0 0 0 0 0 42 309 649 0 0 0 0 0 1 37 326 636 0 0 0 0 0
2 49 283 666 0 0 0 0 0 26 170 433 371 0 0 0 0 0 3 44 305 648 0 0 0 0 0 1 50 281 668 0 0 0 0 0 2 42 291 665 0 0 0 0 0 1 43 321 635 0 0 0 0 0 3 42 304 651 0 0 0 0 0
1 37 331 631 0 0 0 0 0 22 160 460 358 0 0 0 0 0 0 41 290 669 0 0 0 0 0 2 46 300 652 0 0 0 0 0 2 39 299 660 0 0 0 0 0 1 32 304 663 0 0 0 0 0 0 46 273 681 0 0 0 0 0
1 57 313 629 0 0 0 0 0 22 201 431 346 0 0 0 0 0 1 48 302 649 0 0 0 0 0 1 50 296 653 0 0 0 0 0 2 44 289 665 0 0 0 0 0 2 49 292 657 0 0 0 0 0 2 50 270 678 0 0 0 0 0
1 37 302 660 0 0 0 0 0 23 177 455 345 0 0 0 0 0 0 36 330 634 0 0 0 0 0 4 44 315 637 0 0 0 0 0 1 35 326 638 0 0 0 0 0 8 54 271 667 0 0 0 0 0 2 47 298 653 0 0 0 0 0
2 46 291 661 0 0 0 0 0 20 186 427 367 0 0 0 0 0 1 53 294 652 0 0 0 0 0 1 43 293 663 0 0 0 0 0 6 38 293 663 0 0 0 0 0 2 35 305 658 0 0 0 0 0 1 52 306 641 0 0 0 0 0
3 36 283 678 0 0 0 0 0 27 157 458 358 0 0 0 0 0 4 47 284 665 0 0 0 0 0 4 33 325 638 0 0 0 0 0 4 46 284 666 0 0 0 0 0 3 49 270 678 0 0 0 0 0 2 46 280 672 0 0 0 0 0
6 41 289 664 0 0 0 0 0 22 172 447 359 0 0 0 0 0 4 37 307 652 0 0 0 0 0 2 45 294 659 0 0 0 0 0 4 35 317 644 0 0 0 0 0 2 37 260 701 0 0 0 0 0 1 49 291 659 0 0 0 0 0
2 35 271 692 0 0 0 0 0 26 157 452 365 0 0 0 0 0 1 36 315 648 0 0 0 0 0 4 43 289 664 0 0 0 0 0 0 51 319 630 0 0 0 0 0 1 49 310 640 0 0 0 0 0 1 45 289 665 0 0 0 0 0
2 45 289 664 0 0 0 0 0 25 172 429 374 0 0 0 0 0 1 41 276 682 0 0 0 0 0 3 50 280 667 0 0 0 0 0 2 38 284 676 0 0 0 0 0 1 40 295 664 0 0 0 0 0 1 51 302 646 0 0 0 0 0
0 43 274 683 0 0 0 0 0 19 159 440 382 0 0 0 0 0 2 50 279 669 0 0 0 0 0 2 44 283 671 0 0 0 0 0 2 50 281 667 0 0 0 0 0 2 45 275 678 0 0 0 0 0 2 41 283 674 0 0 0 0 0
4 39 264 693 0 0 0 0 0 14 165 428 393 0 0 0 0 0 1 39 275 685 0 0 0 0 0 1 36 294 669 0 0 0 0 0 4 41 270 685 0 0 0 0 0 3 38 293 666 0 0 0 0 0 1 34 284 681 0 0 0 0 0
1 44 255 700 0 0 0 0 0 18 163 445 374 0 0 0 0 0 5 46 328 621 0 0 0 0 0 1 44 271 684 0 0 0 0 0 1 43 291 665 0 0 0 0 0 2 41 284 673 0 0 0 0 0 4 46 284 666 0 0 0 0 0
2 51 276 671 0 0 0 0 0 18 166 419 397 0 0 0 0 0 2 36 285 677 0 0 0 0 0 3 41 264 692 0 0 0 0 0 1 43 279 677 0 0 0 0 0 0 52 301 647 0 0 0 0 0 2 36 288 674 0 0 0 0 0
0 48 286 666 0 0 0 0 0 21 159 433 387 0 0 0 0 0 3 32 283 682 0 0 0 0 0 2 33 278 687 0 0 0 0 0 3 44 272 681 0 0 0 0 0 3 47 295 655 0 0 0 0 0 3 49 283 665 0 0 0 0 0
3 47 268 682 0 0 0 0 0 17 154 427 402 0 0 0 0 0 2 36 281 681 0 0 0 0 0 2 43 289 666 0 0 0 0 0 5 45 271 679 0 0 0 0 0 5 42 291 662 0 0 0 0 0 1 44 265 690 0 0 0 0 0
2 33 270 695 0 0 0 0 0 17 197 415 371 0 0 0 0 0 0 41 265 694 0 0 0 0 0 3 39 270 688 0 0 0 0 0 1 39 255 705 0 0 0 0 0 1 44 287 668 0 0 0 0 0 2 41 289 668 0 0 0 0 0
2 35 285 678 0 0 0 0 0 22 147 422 409 0 0 0 0 0 0 40 303 657 0 0 0 0 0 1 34 286 679 0 0 0 0 0 0 36 289 675 0 0 0 0 0 0 38 290 672 0 0 0 0 0 1 40 277 682 0 0 0 0 0
5 35 265 695 0 0 0 0 0 16 173 444 367 0 0 0 0 0 3 29 283 685 0 0 0 0 0 2 33 266 699 0 0 0 0 0 1 33 273 693 0 0 0 0 0 2 43 291 664 0 0 0 0 0 2 31 272 695 0 0 0 0 0
0 40 279 681 0 0 0 0 0 19 177 433 371 0 0 0 0 0 1 45 276 678 0 0 0 0 0 2 36 272 690 0 0 0 0 0 3 41 291 665 0 0 0 0 0 3 50 289 658 0 0 0 0 0 2 44 260 694 0 0 0 0 0
2 41 270 687 0 0 0 0 0 17 179 417 387 0 0 0 0 0 1 26 296 677 0 0 0 0 0 2 34 254 710 0 0 0 0 0 0 30 269 701 0 0 0 0 0 1 28 272 699 0 0 0 0 0 1 34 262 703 0 0 0 0 0
2 35 281 682 0 0 0 0 0 17 142 451 390 0 0 0 0 0 1 29 276 694 0 0 0 0 0 1 36 290 673 0 0 0 0 0 1 28 288 683 0 0 0 0 0 0 43 261 696 0 0 0 0 0 3 31 276 690 0 0 0 0 0
0 37 302 661 0 0 0 0 0 17 156 437 390 0 0 0 0 0 1 29 288 682 0 0 0 0 0 1 25 273 701 0 0 0 0 0 2 19 281 698 0 0 0 0 0 0 35 253 712 0 0 0 0 0 2 28 275 695 0 0 0 0 0
2 37 288 673 0 0 0 0 0 31 158 431 380 0 0 0 0 0 1 43 256 700 0 0 0 0 0 1 35 281 683 0 0 0 0 0 0 31 254 715 0 0 0 0 0 2 33 244 721 0 0 0 0 0 0 35 254 711 0 0 0 0 0
2 32 285 681 0 0 0 0 0 20 172 441 367 0 0 0 0 0 0 33 276 691 0 0 0 0 0 0 25 274 701 0 0 0 0 0 2 31 296 671 0 0 0 0 0 0 42 276 682 0 0 0 0 0 0 40 276 684 0 0 0 0 0
2 42 249 707 0 0 0 0 0 13 180 426 381 0 0 0 0 0 2 36 266 696 0 0 0 0 0 3 32 249 716 0 0 0 0 0 3 34 276 687 0 0 0 0 0 3 40 285 672 0 0 0 0 0 1 29 296 674 0 0 0 0 0
2 40 271 687 0 0 0 0 0 24 180 409 387 0 0 0 0 0 2 32 274 692 0 0 0 0 0 2 40 254 704 0 0 0 0 0 2 33 280 685 0 0 0 0 0 1 30 244 725 0 0 0 0 0 2 45 273 680 0 0 0 0 0
3 34 274 689 0 0 0 0 0 23 145 416 416 0 0 0 0 0 1 35 253 711 0 0 0 0 0 1 31 249 719 0 0 0 0 0 1 31 282 686 0 0 0 0 0 2 37 254 707 0 0 0 0 0 2 45 227 726 0 0 0 0 0
2 25 265 708 0 0 0 0 0 23 164 422 391 0 0 0 0 0 0 33 269 698 0 0 0 0 0 2 28 271 699 0 0 0 0 0 2 32 266 700 0 0 0 0 0 0 42 245 713 0 0 0 0 0 1 39 233 727 0 0 0 0 0
1 29 250 720 0 0 0 0 0 14 139 418 429 0 0 0 0 0 0 27 269 704 0 0 0 0 0 2 26 253 719 0 0 0 0 0 0 32 264 704 0 0 0 0 0 3 28 270 699 0 0 0 0 0 2 40 262 696 0 0 0 0 0
2 38 242 718 0 0 0 0 0 16 142 439 403 0 0 0 0 0 1 40 258 701 0 0 0 0 0 3 42 235 720 0 0 0 0 0 0 34 253 713 0 0 0 0 0 3 28 243 726 0 0 0 0 0 0 33 262 705 0 0 0 0 0
1 34 277 688 0 0 0 0 0 19 145 406 430 0 0 0 0 0 4 23 252 721 0 0 0 0 0 2 37 248 713 0 0 0 0 0 2 37 276 685 0 0 0 0 0 0 41 252 707 0 0 0 0 0 1 43 250 706 0 0 0 0 0
0 37 279 684 0 0 0 0 0 19 149 416 416 0 0 0 0 0 0 37 258 705 0 0 0 0 0 0 33 271 696 0 0 0 0 0 4 36 261 699 0 0 0 0 0 1 31 282 686 0 0 0 0 0 3 22 283 692 0 0 0 0 0
5 37 245 713 0 0 0 0 0 14 145 446 395 0 0 0 0 0 3 37 242 718 0 0 0 0 0 0 34 278 688 0 0 0 0 0 0 36 272 692 0 0 0 0 0 1 22 300 677 0 0 0 0 0 0 39 266 695 0 0 0 0 0
1 27 253 719 0 0 0 0 0 19 137 406 438 0 0 0 0 0 1 33 266 700 0 0 0 0 0 2 32 257 709 0 0 0 0 0 1 26 285 688 0 0 0 0 0 2 33 252 713 0 0 0 0 0 0 24 279 697 0 0 0 0 0
3 32 249 716 0 0 0 0 0 15 149 424 412 0 0 0 0 0 1 35 243 721 0 0 0 0 0 0 26 251 723 0 0 0 0 0 0 35 285 680 0 0 0 0 0 0 35 233 732 0 0 0 0 0 3 33 273 691 0 0 0 0 0
0 24 286 690 0 0 0 0 0 19 124 457 400 0 0 0 0 0 0 33 256 711 0 0 0 0 0 3 31 265 701 0 0 0 0 0 1 31 276 692 0 0 0 0 0 1 33 262 704 0 0 0 0 0 1 29 247 723 0 0 0 0 0
0 30 236 734 0 0 0 0 0 12 149 417 422 0 0 0 0 0 0 22 254 724 0 0 0 0 0 0 22 237 741 0 0 0 0 0 1 17 255 727 0 0 0 0 0 1 26 248 725 0 0 0 0 0 2 21 245 732 0 0 0 0 0
1 34 260 705 0 0 0 0 0 14 148 428 410 0 0 0 0 0 1 23 247 729 0 0 0 0 0 4 17 237 742 0 0 0 0 0 1 35 267 697 0 0 0 0 0 0 33 251 716 0 0 0 0 0 1 33 257 709 0 0 0 0 0
4 18 276 702 0 0 0 0 0 15 140 450 395 0 0 0 0 0 1 33 236 730 0 0 0 0 0 1 29 230 740 0 0 0 0 0 0 24 223 753 0 0 0 0 0 0 29 219 752 0 0 0 0 0 1 26 264 709 0 0 0 0 0
1 37 273 689 0 0 0 0 0 22 133 451 394 0 0 0 0 0 2 27 238 733 0 0 0 0 0 0 42 265 693 0 0 0 0 0 1 20 234 745 0 0 0 0 0 2 26 258 714 0 0 0 0 0 1 38 238 723 0 0 0 0 0
2 33 254 711 0 0 0 0 0 16 142 438 404 0 0 0 0 0 0 26 268 706 0 0 0 0 0 0 23 257 720 0 0 0 0 0 2 27 246 725 0 0 0 0 0 0 32 264 704 0 0 0 0 0 2 26 251 721 0 0 0 0 0
0 42 234 724 0 0 0 0 0 21 136 427 416 0 0 0 0 0 3 36 253 708 0 0 0 0 0 1 28 259 712 0 0 0 0 0 2 29 240 729 0 0 0 0 0 1 24 246 729 0 0 0 0 0 1 31 241 727 0 0 0 0 0
4 17 253 726 0 0 0 0 0 18 122 416 444 0 0 0 0 0 1 21 240 738 0 0 0 0 0 2 37 234 727 0 0 0 0 0 0 31 256 713 0 0 0 0 0 1 33 236 730 0 0 0 0 0 0 30 254 716 0 0 0 0 0
0 29 236 735 0 0 0 0 0 14 134 431 421 0 0 0 0 0 1 28 257 714 0 0 0 0 0 1 23 254 722 0 0 0 0 0 1 26 242 731 0 0 0 0 0 0 22 249 729 0 0 0 0 0 3 31 244 722 0 0 0 0 0
1 38 252 709 0 0 0 0 0 12 146 428 414 0 0 0 0 0 1 24 216 759 0 0 0 0 0 0 32 228 740 0 0 0 0 0 1 21 211 767 0 0 0 0 0 0 22 228 750 0 0 0 0 0 2 26 256 716 0 0 0 0 0
1 24 265 710 0 0 0 0 0 18 117 426 439 0 0 0 0 0 0 28 233 739 0 0 0 0 0 0 28 250 722 0 0 0 0 0 0 26 243 731 0 0 0 0 0 2 25 251 722 0 0 0 0 0 0 23 222 755 0 0 0 0 0
0 29 236 735 0 0 0 0 0 16 133 441 410 0 0 0 0 0 3 19 269 709 0 0 0 0 0 1 27 227 745 0 0 0 0 0 1 32 213 754 0 0 0 0 0 0 23 253 724 0 0 0 0 0 0 28 245 727 0 0 0 0 0
0 29 240 731 0 0 0 0 0 12 127 405 456 0 0 0 0 0 1 27 249 723 0 0 0 0 0 1 23 242 734 0 0 0 0 0 0 27 254 719 0 0 0 0 0 0 33 262 705 0 0 0 0 0 1 33 202 764 0 0 0 0 0
0 29 228 743 0 0 0 0 0 13 139 410 438 0 0 0 0 0 0 20 252 728 0 0 0 0 0 1 26 234 739 0 0 0 0 0 1 27 236 736 0 0 0 0 0 2 34 235 729 0 0 0 0 0 2 22 233 743 0 0 0 0 0
2 23 260 715 0 0 0 0 0 16 121 399 464 0 0 0 0 0 1 26 250 723 0 0 0 0 0 1 18 234 747 0 0 0 0 0 1 19 239 741 0 0 0 0 0 1 25 249 725 0 0 0 0 0 1 26 245 728 0 0 0 0 0
1 28 227 744 0 0 0 0 0 9 116 417 458 0 0 0 0 0 0 17 250 733 0 0 0 0 0 1 22 225 752 0 0 0 0 0 2 23 196 779 0 0 0 0 0 1 21 238 740 0 0 0 0 0 2 26 238 734 0 0 0 0 0
1 22 225 752 0 0 0 0 0 19 124 403 454 0 0 0 0 0 2 20 221 757 0 0 0 0 0 0 25 216 759 0 0 0 0 0 0 15 225 760 0 0 0 0 0 1 17 247 735 0 0 0 0 0 0 27 244 729 0 0 0 0 0
1 27 234 738 0 0 0 0 0 21 133 425 421 0 0 0 0 0 0 21 245 734 0 0 0 0 0 1 21 225 753 0 0 0 0 0 0 26 223 751 0 0 0 0 0 1 27 238 734 0 0 0 0 0 0 25 228 747 0 0 0 0 0
0 21 245 734 0 0 0 0 0 9 154 392 445 0 0 0 0 0 2 26 224 748 0 0 0 0 0 2 17 245 736 0 0 0 0 0 2 21 216 761 0 0 0 0 0 1 19 233 747 0 0 0 0 0 1 24 230 745 0 0 0 0 0
0 25 217 758 0 0 0 0 0 13 124 405 458 0 0 0 0 0 1 29 220 750 0 0 0 0 0 1 28 222 749 0 0 0 0 0 1 27 221 751 0 0 0 0 0 0 23 230 747 0 0 0 0 0 1 30 241 728 0 0 0 0 0
1 29 213 757 0 0 0 0 0 11 97 418 474 0 0 0 0 0 0 26 255 719 0 0 0 0 0 1 18 220 761 0 0 0 0 0 0 21 234 745 0 0 0 0 0 0 24 240 736 0 0 0 0 0 1 27 224 748 0 0 0 0 0
2 22 227 749 0 0 0 0 0 14 125 411 450 0 0 0 0 0 0 20 218 762 0 0 0 0 0 0 26 198 776 0 0 0 0 0 0 25 237 738 0 0 0 0 0 1 22 231 746 0 0 0 0 0 0 19 221 760 0 0 0 0 0
0 23 200 777 0 0 0 0 0 9 145 390 456 0 0 0 0 0 1 21 229 749 0 0 0 0 0 0 23 219 758 0 0 0 0 0 0 33 230 737 0 0 0 0 0 1 22 204 773 0 0 0 0 0 1 22 228 749 0 0 0 0 0
1 18 215 766 0 0 0 0 0 10 117 416 457 0 0 0 0 0 1 29 203 767 0 0 0 0 0 1 32 238 729 0 0 0 0 0 0 19 249 732 0 0 0 0 0 0 22 230 748 0 0 0 0 0 0 20 231 749 0 0 0 0 0
1 17 213 769 0 0 0 0 0 14 110 421 455 0 0 0 0 0 0 20 207 773 0 0 0 0 0 1 33 217 749 0 0 0 0 0 0 27 208 765 0 0 0 0 0 1 21 232 746 0 0 0 0 0 0 18 205 777 0 0 0 0 0
0 22 210 768 0 0 0 0 0 10 119 406 465 0 0 0 0 0 1 16 212 771 0 0 0 0 0 2 21 223 754 0 0 0 0 0 1 20 239 740 0 0 0 0 0 0 19 205 776 0 0 0 0 0 2 25 219 754 0 0 0 0 0
1 19 213 767 0 0 0 0 0 7 128 398 467 0 0 0 0 0 0 13 224 763 0 0 0 0 0 0 18 246 736 0 0 0 0 0 0 21 203 776 0 0 0 0 0 0 23 213 764 0 0 0 0 0 0 22 234 744 0 0 0 0 0
4 18 224 754 0 0 0 0 0 16 132 392 460 0 0 0 0 0 0 19 227 754 0 0 0 0 0 1 31 240 728 0 0 0 0 0 0 24 208 768 0 0 0 0 0 1 18 214 767 0 0 0 0 0 0 21 184 795 0 0 0 0 0
0 16 222 762 0 0 0 0 0 10 125 417 448 0 0 0 0 0 0 19 217 764 0 0 0 0 0 0 19 197 784 0 0 0 0 0 0 19 226 755 0 0 0 0 0 0 17 202 781 0 0 0 0 0 0 14 229 757 0 0 0 0 0
1 29 231 739 0 0 0 0 0 15 125 429 431 0 0 0 0 0 3 17 215 765 0 0 0 0 0 2 15 221 762 0 0 0 0 0 2 25 221 752 0 0 0 0 0 1 18 216 765 0 0 0 0 0 0 17 195 788 0 0 0 0 0
1 19 193 787 0 0 0 0 0 13 127 382 478 0 0 0 0 0 0 16 221 763 0 0 0 0 0 0 24 241 735 0 0 0 0 0 1 21 228 750 0 0 0 0 0 0 10 223 767 0 0 0 0 0 0 16 217 767 0 0 0 0 0
2 23 223 752 0 0 0 0 0 7 113 427 453 0 0 0 0 0 0 18 216 766 0 0 0 0 0 0 20 225 755 0 0 0 0 0 1 20 216 763 0 0 0 0 0 3 20 238 739 0 0 0 0 0 1 12 237 750 0 0 0 0 0
0 16 210 774 0 0 0 0 0 12 120 398 470 0 0 0 0 0 1 22 210 767 0 0 0 0 0 0 26 215 759 0 0 0 0 0 0 19 246 735 0 0 0 0 0 1 23 207 769 0 0 0 0 0 1 18 217 764 0 0 0 0 0
0 19 205 776 0 0 0 0 0 12 126 400 462 0 0 0 0 0 3 26 208 763 0 0 0 0 0 0 25 206 769 0 0 0 0 0 0 14 181 805 0 0 0 0 0 1 31 202 766 0 0 0 0 0 2 19 180 799 0 0 0 0 0
0 19 196 785 0 0 0 0 0 15 125 391 469 0 0 0 0 0 0 11 222 767 0 0 0 0 0 1 23 216 760 0 0 0 0 0 0 14 210 776 0 0 0 0 0 0 19 220 761 0 0 0 0 0 2 18 212 768 0 0 0 0 0
0 22 220 758 0 0 0 0 0 7 120 420 453 0 0 0 0 0 1 18 202 779 0 0 0 0 0 0 21 205 774 0 0 0 0 0 0 17 207 776 0 0 0 0 0 0 25 231 744 0 0 0 0 0 1 18 208 773 0 0 0 0 0
1 24 215 760 0 0 0 0 0 14 114 406 466 0 0 0 0 0 2 22 215 761 0 0 0 0 0 1 21 184 794 0 0 0 0 0 1 20 207 772 0 0 0 0 0 0 20 210 770 0 0 0 0 0 1 16 202 781 0 0 0 0 0
2 30 211 757 0 0 0 0 0 15 117 378 490 0 0 0 0 0 2 20 208 770 0 0 0 0 0 1 21 208 770 0 0 0 0 0 3 20 230 747 0 0 0 0 0 0 20 240 740 0 0 0 0 0 1 13 231 755 0 0 0 0 0
1 11 197 791 0 0 0 0 0 13 109 407 471 0 0 0 0 0 1 16 213 770 0 0 0 0 0 0 24 196 780 0 0 0 0 0 0 20 201 779 0 0 0 0 0 0 21 205 774 0 0 0 0 0 1 22 180 797 0 0 0 0 0
1 22 212 765 0 0 0 0 0 10 108 426 456 0 0 0 0 0 1 13 193 793 0 0 0 0 0 0 14 214 772 0 0 0 0 0 1 16 223 760 0 0 0 0 0 0 26 226 748 0 0 0 0 0 1 22 217 760 0 0 0 0 0
1 13 219 767 0 0 0 0 0 14 103 400 483 0 0 0 0 0 0 23 186 791 0 0 0 0 0 1 19 204 776 0 0 0 0 0 1 17 198 784 0 0 0 0 0 0 18 202 780 0 0 0 0 0 1 25 202 772 0 0 0 0 0
2 16 207 775 0 0 0 0 0 12 105 399 484 0 0 0 0 0 1 17 217 765 0 0 0 0 0 2 20 225 753 0 0 0 0 0 0 22 200 778 0 0 0 0 0 1 10 208 781 0 0 0 0 0 0 20 214 766 0 0 0 0 0
0 10 208 782 0 0 0 0 0 10 94 401 495 0 0 0 0 0 0 19 210 771 0 0 0 0 0 1 16 175 808 0 0 0 0 0 0 20 196 784 0 0 0 0 0 1 12 207 780 0 0 0 0 0 0 20 219 761 0 0 0 0 0
1 19 199 781 0 0 0 0 0 11 128 396 465 0 0 0 0 0 1 20 206 773 0 0 0 0 0 0 15 206 779 0 0 0 0 0 2 15 227 756 0 0 0 0 0 0 32 202 766 0 0 0 0 0 1 16 202 781 0 0 0 0 0
3 21 203 773 0 0 0 0 0 14 99 398 489 0 0 0 0 0 2 11 197 790 0 0 0 0 0 0 14 186 800 0 0 0 0 0 1 15 201 783 0 0 0 0 0 0 19 202 779 0 0 0 0 0 0 13 190 797 0 0 0 0 0
1 18 199 782 0 0 0 0 0 2 105 367 526 0 0 0 0 0 0 13 198 789 0 0 0 0 0 1 16 210 773 0 0 0 0 0 1 15 208 776 0 0 0 0 0 0 15 215 770 0 0 0 0 0 0 15 198 787 0 0 0 0 0
0 25 189 786 0 0 0 0 0 12 112 397 479 0 0 0 0 0 0 14 191 795 0 0 0 0 0 0 18 172 810 0 0 0 0 0 1 12 193 794 0 0 0 0 0 3 20 218 759 0 0 0 0 0 0 13 229 758 0 0 0 0 0
0 16 222 762 0 0 0 0 0 12 107 407 474 0 0 0 0 0 2 18 195 785 0 0 0 0 0 1 10 194 795 0 0 0 0 0 1 13 198 788 0 0 0 0 0 0 19 185 796 0 0 0 0 0 0 13 179 808 0 0 0 0 0
1 20 186 793 0 0 0 0 0 11 103 396 490 0 0 0 0 0 0 17 203 780 0 0 0 0 0 0 22 213 765 0 0 0 0 0 1 18 187 794 0 0 0 0 0 0 21 191 788 0 0 0 0 0 0 19 183 798 0 0 0 0 0
1 31 187 781 0 0 0 0 0 8 99 423 470 0 0 0 0 0 0 17 187 796 0 0 0 0 0 1 16 171 812 0 0 0 0 0 0 16 185 799 0 0 0 0 0 0 13 208 779 0 0 0 0 0 0 10 190 800 0 0 0 0 0
0 17 192 791 0 0 0 0 0 19 101 423 457 0 0 0 0 0 2 15 185 798 0 0 0 0 0 0 20 195 785 0 0 0 0 0 0 15 141 844 0 0 0 0 0 0 25 197 778 0 0 0 0 0 0 10 174 816 0 0 0 0 0
0 13 188 799 0 0 0 0 0 9 93 388 510 0 0 0 0 0 2 11 184 803 0 0 0 0 0 1 14 205 780 0 0 0 0 0 0 12 186 802 0 0 0 0 0 0 16 206 778 0 0 0 0 0 0 15 202 783 0 0 0 0 0
0 18 202 780 0 0 0 0 0 7 123 426 444 0 0 0 0 0 0 14 180 806 0 0 0 0 0 1 17 166 816 0 0 0 0 0 2 15 192 791 0 0 0 0 0 1 15 201 783 0 0 0 0 0 0 11 176 813 0 0 0 0 0
0 16 191 793 0 0 0 0 0 5 86 390 519 0 0 0 0 0 1 9 202 788 0 0 0 0 0 1 14 207 778 0 0 0 0 0 0 16 220 764 0 0 0 0 0 0 11 184 805 0 0 0 0 0 2 18 199 781 0 0 0 0 0
1 11 200 788 0 0 0 0 0 7 93 397 503 0 0 0 0 0 0 15 163 822 0 0 0 0 0 0 11 180 809 0 0 0 0 0 0 16 190 794 0 0 0 0 0 1 14 180 805 0 0 0 0 0 0 18 184 798 0 0 0 0 0
0 20 176 804 0 0 0 0 0 7 105 402 486 0 0 0 0 0 0 17 190 793 0 0 0 0 0 0 13 188 799 0 0 0 0 0 0 20 179 801 0 0 0 0 0 1 21 170 808 0 0 0 0 0 1 21 186 792 0 0 0 0 0
0 14 168 818 0 0 0 0 0 8 85 402 505 0 0 0 0 0 0 13 191 796 0 0 0 0 0 0 16 165 819 0 0 0 0 0 1 13 203 783 0 0 0 0 0 0 21 188 791 0 0 0 0 0 0 12 184 804 0 0 0 0 0
0 18 178 804 0 0 0 0 0 12 103 393 492 0 0 0 0 0 0 24 177 799 0 0 0 0 0 0 19 197 784 0 0 0 0 0 0 9 194 797 0 0 0 0 0 0 15 185 800 0 0 0 0 0 1 9 174 816 0 0 0 0 0
1 17 192 790 0 0 0 0 0 1 111 392 496 0 0 0 0 0 1 14 199 786 0 0 0 0 0 1 20 197 782 0 0 0 0 0 0 14 189 797 0 0 0 0 0 0 13 195 792 0 0 0 0 0 0 9 194 797 0 0 0 0 0
0 14 188 798 0 0 0 0 0 8 82 365 545 0 0 0 0 0 1 9 175 815 0 0 0 0 0 1 18 191 790 0 0 0 0 0 0 15 169 816 0 0 0 0 0 1 9 189 801 0 0 0 0 0 0 15 185 800 0 0 0 0 0
0 15 196 789 0 0 0 0 0 8 101 369 522 0 0 0 0 0 0 13 185 802 0 0 0 0 0 0 13 179 808 0 0 0 0 0 2 10 169 819 0 0 0 0 0 2 10 182 806 0 0 0 0 0 0 20 182 798 0 0 0 0 0
0 14 177 809 0 0 0 0 0 6 110 407 477 0 0 0 0 0 0 14 161 825 0 0 0 0 0 1 16 179 804 0 0 0 0 0 2 22 167 809 0 0 0 0 0 2 12 180 806 0 0 0 0 0 0 17 185 798 0 0 0 0 0
0 18 199 783 0 0 0 0 0 4 86 383 527 0 0 0 0 0 1 9 168 822 0 0 0 0 0 0 18 189 793 0 0 0 0 0 1 13 189 797 0 0 0 0 0 0 14 186 800 0 0 0 0 0 0 13 183 804 0 0 0 0 0
0 5 181 814 0 0 0 0 0 10 85 393 512 0 0 0 0 0 1 12 190 797 0 0 0 0 0 2 14 179 805 0 0 0 0 0 0 17 177 806 0 0 0 0 0 0 19 169 812 0 0 0 0 0 0 24 170 806 0 0 0 0 0
0 20 179 801 0 0 0 0 0 14 110 355 521 0 0 0 0 0 0 13 168 819 0 0 0 0 0 0 9 196 795 0 0 0 0 0 0 19 182 799 0 0 0 0 0 3 17 183 797 0 0 0 0 0 0 18 156 826 0 0 0 0 0
0 18 184 798 0 0 0 0 0 8 92 403 497 0 0 0 0 0 0 22 152 826 0 0 0 0 0 0 7 195 798 0 0 0 0 0 1 19 182 798 0 0 0 0 0 0 9 170 821 0 0 0 0 0 0 10 168 822 0 0 0 0 0
0 17 183 800 0 0 0 0 0 11 76 405 508 0 0 0 0 0 0 16 183 801 0 0 0 0 0 0 8 186 806 0 0 0 0 0 1 14 182 803 0 0 0 0 0 1 16 183 800 0 0 0 0 0 0 14 174 812 0 0 0 0 0
0 14 161 825 0 0 0 0 0 6 84 400 510 0 0 0 0 0 0 10 173 817 0 0 0 0 0 0 10 185 805 0 0 0 0 0 0 12 199 789 0 0 0 0 0 0 11 163 826 0 0 0 0 0 1 15 176 808 0 0 0 0 0
0 12 174 814 0 0 0 0 0 8 90 388 514 0 0 0 0 0 0 7 189 804 0 0 0 0 0 2 11 179 808 0 0 0 0 0 0 10 180 810 0 0 0 0 0 0 9 211 780 0 0 0 0 0 0 10 185 805 0 0 0 0 0
0 11 168 821 0 0 0 0 0 4 87 375 534 0 0 0 0 0 0 13 184 803 0 0 0 0 0 0 10 168 822 0 0 0 0 0 1 13 188 798 0 0 0 0 0 0 14 185 801 0 0 0 0 0 0 9 158 833 0 0 0 0 0
0 10 170 820 0 0 0 0 0 5 99 400 496 0 0 0 0 0 1 12 155 832 0 0 0 0 0 0 13 191 796 0 0 0 0 0 0 14 156 830 0 0 0 0 0 0 11 186 803 0 0 0 0 0 0 16 178 806 0 0 0 0 0
0 10 176 814 0 0 0 0 0 8 92 373 527 0 0 0 0 0 0 11 172 817 0 0 0 0 0 0 18 178 804 0 0 0 0 0 0 10 184 806 0 0 0 0 0 0 15 166 819 0 0 0 0 0 0 14 162 824 0 0 0 0 0
0 14 179 807 0 0 0 0 0 2 76 388 534 0 0 0 0 0 0 11 153 836 0 0 0 0 0 0 10 166 824 0 0 0 0 0 0 11 160 829 0 0 0 0 0 0 14 175 811 0 0 0 0 0 1 18 174 807 0 0 0 0 0
0 6 166 828 0 0 0 0 0 6 79 374 541 0 0 0 0 0 0 11 177 812 0 0 0 0 0 0 19 154 827 0 0 0 0 0 0 12 168 820 0 0 0 0 0 0 13 181 806 0 0 0 0 0 0 17 159 824 0 0 0 0 0
1 16 162 821 0 0 0 0 0 6 93 378 523 0 0 0 0 0 0 11 174 815 0 0 0 0 0 0 14 152 834 0 0 0 0 0 0 9 170 821 0 0 0 0 0 0 10 170 820 0 0 0 0 0 0 14 180 806 0 0 0 0 0
0 13 178 809 0 0 0 0 0 7 94 369 530 0 0 0 0 0 1 13 161 825 0 0 0 0 0 1 15 153 831 0 0 0 0 0 0 13 187 800 0 0 0 0 0 0 9 190 801 0 0 0 0 0 1 7 173 819 0 0 0 0 0
0 10 170 820 0 0 0 0 0 5 92 391 512 0 0 0 0 0 0 10 152 838 0 0 0 0 0 0 6 201 793 0 0 0 0 0 1 5 156 838 0 0 0 0 0 0 14 168 818 0 0 0 0 0 0 16 174 810 0 0 0 0 0
1 13 174 812 0 0 0 0 0 6 76 376 542 0 0 0 0 0 0 6 160 834 0 0 0 0 0 0 17 168 815 0 0 0 0 0 0 13 177 810 0 0 0 0 0 0 20 176 804 0 0 0 0 0 0 11 158 831 0 0 0 0 0
1 8 161 830 0 0 0 0 0 10 106 344 540 0 0 0 0 0 1 11 180 808 0 0 0 0 0 0 12 155 833 0 0 0 0 0 0 16 193 791 0 0 0 0 0 1 10 179 810 0 0 0 0 0 1 13 180 806 0 0 0 0 0
0 13 164 823 0 0 0 0 0 11 77 370 542 0 0 0 0 0 0 12 152 836 0 0 0 0 0 0 9 168 823 0 0 0 0 0 0 20 169 811 0 0 0 0 0 0 14 170 816 0 0 0 0 0 1 8 167 824 0 0 0 0 0
0 9 186 805 0 0 0 0 0 8 78 367 547 0 0 0 0 0 0 8 169 823 0 0 0 0 0 0 10 164 826 0 0 0 0 0 0 13 180 807 0 0 0 0 0 0 8 171 821 0 0 0 0 0 0 12 169 819 0 0 0 0 0
0 11 172 817 0 0 0 0 0 3 90 353 554 0 0 0 0 0 0 9 168 823 0 0 0 0 0 0 8 160 832 0 0 0 0 0 0 10 174 816 0 0 0 0 0 1 10 195 794 0 0 0 0 0 0 13 180 807 0 0 0 0 0
0 14 141 845 0 0 0 0 0 9 83 351 557 0 0 0 0 0 1 10 158 831 0 0 0 0 0 0 13 152 835 0 0 0 0 0 0 11 142 847 0 0 0 0 0 2 9 171 818 0 0 0 0 0 0 13 162 825 0 0 0 0 0
0 6 163 831 0 0 0 0 0 9 68 388 535 0 0 0 0 0 0 9 147 844 0 0 0 0 0 0 13 147 840 0 0 0 0 0 0 13 155 832 0 0 0 0 0 0 7 157 836 0 0 0 0 0 1 18 194 787 0 0 0 0 0
0 9 166 825 0 0 0 0 0 7 81 363 549 0 0 0 0 0 0 12 165 823 0 0 0 0 0 0 13 152 835 0 0 0 0 0 0 9 153 838 0 0 0 0 0 0 12 179 809 0 0 0 0 0 0 10 140 850 0 0 0 0 0
0 6 161 833 0 0 0 0 0 9 73 402 516 0 0 0 0 0 1 11 182 806 0 0 0 0 0 0 12 166 822 0 0 0 0 0 0 9 163 828 0 0 0 0 0 1 7 159 833 0 0 0 0 0 0 11 145 844 0 0 0 0 0
0 19 183 798 0 0 0 0 0 12 93 369 526 0 0 0 0 0 0 14 149 837 0 0 0 0 0 0 8 184 808 0 0 0 0 0 1 13 173 813 0 0 0 0 0 0 14 164 822 0 0 0 0 0 0 10 167 823 0 0 0 0 0
0 10 157 833 0 0 0 0 0 4 85 374 537 0 0 0 0 0 0 17 148 835 0 0 0 0 0 0 9 173 818 0 0 0 0 0 0 7 172 821 0 0 0 0 0 0 6 167 827 0 0 0 0 0 1 14 163 822 0 0 0 0 0
0 8 172 820 0 0 0 0 0 6 80 331 583 0 0 0 0 0 0 9 182 809 0 0 0 0 0 0 17 155 828 0 0 0 0 0 0 10 136 854 0 0 0 0 0 0 10 158 832 0 0 0 0 0 0 15 141 844 0 0 0 0 0
0 7 154 839 0 0 0 0 0 6 76 385 533 0 0 0 0 0 1 13 166 820 0 0 0 0 0 1 11 146 842 0 0 0 0 0 0 8 130 862 0 0 0 0 0 0 11 159 830 0 0 0 0 0 1 9 154 836 0 0 0 0 0
0 6 158 836 0 0 0 0 0 6 65 379 550 0 0 0 0 0 0 10 165 825 0 0 0 0 0 1 14 158 827 0 0 0 0 0 0 10 162 828 0 0 0 0 0 0 10 176 814 0 0 0 0 0 1 13 143 843 0 0 0 0 0
0 15 142 843 0 0 0 0 0 5 73 386 536 0 0 0 0 0 0 8 150 842 0 0 0 0 0 0 5 165 830 0 0 0 0 0 0 7 155 838 0 0 0 0 0 1 8 149 842 0 0 0 0 0 0 11 171 818 0 0 0 0 0
1 12 162 825 0 0 0 0 0 9 78 389 524 0 0 0 0 0 1 7 160 832 0 0 0 0 0 0 4 162 834 0 0 0 0 0 0 13 178 809 0 0 0 0 0 0 7 163 830 0 0 0 0 0 0 12 145 843 0 0 0 0 0
0 8 144 848 0 0 0 0 0 8 85 358 549 0 0 0 0 0 0 5 143 852 0 0 0 0 0 0 10 170 820 0 0 0 0 0 0 7 150 843 0 0 0 0 0 1 11 168 820 0 0 0 0 0 0 4 144 852 0 0 0 0 0
0 16 174 810 0 0 0 0 0 6 79 365 550 0 0 0 0 0 0 10 148 842 0 0 0 0 0 0 12 145 843 0 0 0 0 0 0 8 149 843 0 0 0 0 0 0 11 148 841 0 0 0 0 0 1 11 172 816 0 0 0 0 0
0 11 144 845 0 0 0 0 0 6 77 346 571 0 0 0 0 0 0 14 144 842 0 0 0 0 0 0 11 136 853 0 0 0 0 0 0 9 147 844 0 0 0 0 0 0 10 141 849 0 0 0 0 0 0 5 156 839 0 0 0 0 0
0 8 160 832 0 0 0 0 0 9 82 340 569 0 0 0 0 0 0 12 171 817 0 0 0 0 0 0 10 152 838 0 0 0 0 0 0 9 130 861 0 0 0 0 0 0 12 150 838 0 0 0 0 0 1 5 154 840 0 0 0 0 0
0 7 158 835 0 0 0 0 0 4 82 354 560 0 0 0 0 0 0 11 135 854 0 0 0 0 0 0 9 141 850 0 0 0 0 0 0 8 166 826 0 0 0 0 0 0 10 155 835 0 0 0 0 0 0 3 154 843 0 0 0 0 0
0 5 153 842 0 0 0 0 0 4 70 387 539 0 0 0 0 0 0 3 170 827 0 0 0 0 0 0 7 145 848 0 0 0 0 0 0 7 143 850 0 0 0 0 0 0 10 153 837 0 0 0 0 0 0 5 142 853 0 0 0 0 0
0 11 135 854 0 0 0 0 0 6 73 339 582 0 0 0 0 0 0 6 145 849 0 0 0 0 0 0 5 136 859 0 0 0 0 0 0 10 151 839 0 0 0 0 0 0 12 148 840 0 0 0 0 0 0 12 139 849 0 0 0 0 0
0 9 141 850 0 0 0 0 0 0 72 361 567 0 0 0 0 0 0 9 153 838 0 0 0 0 0 0 8 149 843 0 0 0 0 0 0 8 138 854 0 0 0 0 0 0 8 139 853 0 0 0 0 0 0 6 150 844 0 0 0 0 0
0 7 145 848 0 0 0 0 0 5 73 355 567 0 0 0 0 0 0 6 158 836 0 0 0 0 0 0 9 151 840 0 0 0 0 0 0 7 178 815 0 0 0 0 0 1 10 142 847 0 0 0 0 0 0 6 160 834 0 0 0 0 0
0 10 129 861 0 0 0 0 0 6 70 357 567 0 0 0 0 0 0 13 158 829 0 0 0 0 0 0 10 151 839 0 0 0 0 0 0 11 145 844 0 0 0 0 0 0 5 147 848 0 0 0 0 0 0 6 137 857 0 0 0 0 0
0 6 156 838 0 0 0 0 0 8 80 349 563 0 0 0 0 0 0 8 140 852 0 0 0 0 0 0 7 129 864 0 0 0 0 0 0 12 158 830 0 0 0 0 0 0 8 151 841 0 0 0 0 0 0 11 162 827 0 0 0 0 0
0 10 124 866 0 0 0 0 0 8 78 319 595 0 0 0 0 0 0 9 137 854 0 0 0 0 0 0 11 152 837 0 0 0 0 0 0 8 133 859 0 0 0 0 0 1 10 166 823 0 0 0 0 0 0 6 147 847 0 0 0 0 0
0 10 132 858 0 0 0 0 0 7 68 345 580 0 0 0 0 0 0 5 144 851 0 0 0 0 0 0 5 145 850 0 0 0 0 0 1 14 124 861 0 0 0 0 0 0 12 149 839 0 0 0 0 0 0 9 128 863 0 0 0 0 0
0 5 166 829 0 0 0 0 0 4 69 372 555 0 0 0 0 0 0 6 147 847 0 0 0 0 0 0 6 147 847 0 0 0 0 0 0 4 149 847 0 0 0 0 0 0 6 146 848 0 0 0 0 0 0 5 126 869 0 0 0 0 0
0 10 151 839 0 0 0 0 0 10 65 352 573 0 0 0 0 0 0 11 143 846 0 0 0 0 0 0 8 160 832 0 0 0 0 0 0 7 148 845 0 0 0 0 0 0 7 142 851 0 0 0 0 0 0 6 146 848 0 0 0 0 0
0 9 133 858 0 0 0 0 0 6 77 358 559 0 0 0 0 0 0 5 133 862 0 0 0 0 0 0 8 141 851 0 0 0 0 0 0 4 149 847 0 0 0 0 0 0 3 135 862 0 0 0 0 0 1 6 129 864 0 0 0 0 0
0 7 159 834 0 0 0 0 0 5 75 331 589 0 0 0 0 0 0 5 151 844 0 0 0 0 0 0 4 141 855 0 0 0 0 0 0 10 126 864 0 0 0 0 0 0 6 130 864 0 0 0 0 0 0 4 137 859 0 0 0 0 0
0 5 147 848 0 0 0 0 0 3 66 348 583 0 0 0 0 0 0 8 141 851 0 0 0 0 0 0 10 147 843 0 0 0 0 0 0 7 154 839 0 0 0 0 0 0 14 137 849 0 0 0 0 0 0 5 126 869 0 0 0 0 0
0 9 138 853 0 0 0 0 0 1 61 349 589 0 0 0 0 0 0 7 133 860 0 0 0 0 0 0 5 154 841 0 0 0 0 0 1 5 135 859 0 0 0 0 0 1 8 144 847 0 0 0 0 0 0 6 132 862 0 0 0 0 0
1 9 132 858 0 0 0 0 0 3 70 369 558 0 0 0 0 0 0 3 129 868 0 0 0 0 0 0 7 128 865 0 0 0 0 0 0 10 133 857 0 0 0 0 0 0 8 121 871 0 0 0 0 0 0 5 149 846 0 0 0 0 0
0 4 156 840 0 0 0 0 0 1 68 344 587 0 0 0 0 0 0 3 130 867 0 0 0 0 0 1 8 135 856 0 0 0 0 0 0 4 128 868 0 0 0 0 0 0 5 153 842 0 0 0 0 0 0 8 141 851 0 0 0 0 0
0 6 144 850 0 0 0 0 0 4 82 351 563 0 0 0 0 0 1 7 142 850 0 0 0 0 0 0 7 139 854 0 0 0 0 0 1 8 139 852 0 0 0 0 0 0 9 154 837 0 0 0 0 0 0 10 133 857 0 0 0 0 0
0 8 135 857 0 0 0 0 0 4 61 354 581 0 0 0 0 0 0 9 137 854 0 0 0 0 0 0 4 150 846 0 0 0 0 0 0 6 130 864 0 0 0 0 0 0 7 146 847 0 0 0 0 0 0 7 122 871 0 0 0 0 0
1 10 144 845 0 0 0 0 0 10 65 333 592 0 0 0 0 0 0 6 158 836 0 0 0 0 0 0 3 121 876 0 0 0 0 0 0 10 137 853 0 0 0 0 0 0 5 133 862 0 0 0 0 0 0 9 119 872 0 0 0 0 0
0 10 137 853 0 0 0 0 0 6 71 330 593 0 0 0 0 0 1 4 115 880 0 0 0 0 0 1 9 118 872 0 0 0 0 0 0 8 130 862 0 0 0 0 0 0 7 109 884 0 0 0 0 0 0 5 149 846 0 0 0 0 0
0 3 152 845 0 0 0 0 0 8 64 344 584 0 0 0 0 0 0 7 119 874 0 0 0 0 0 0 6 139 855 0 0 0 0 0 0 4 146 850 0 0 0 0 0 0 7 123 870 0 0 0 0 0 0 6 111 883 0 0 0 0 0
0 8 124 868 0 0 0 0 0 4 66 330 600 0 0 0 0 0 0 6 126 868 0 0 0 0 0 0 10 136 854 0 0 0 0 0 0 6 132 862 0 0 0 0 0 0 6 141 853 0 0 0 0 0 1 4 122 873 0 0 0 0 0
0 6 119 875 0 0 0 0 0 5 54 357 584 0 0 0 0 0 0 6 142 852 0 0 0 0 0 0 7 140 853 0 0 0 0 0 0 7 146 847 0 0 0 0 0 0 5 137 858 0 0 0 0 0 0 4 110 886 0 0 0 0 0
0 12 129 859 0 0 0 0 0 6 72 367 555 0 0 0 0 0 0 5 131 864 0 0 0 0 0 1 6 155 838 0 0 0 0 0 0 5 116 879 0 0 0 0 0 0 3 131 866 0 0 0 0 0 0 8 142 850 0 0 0 0 0
0 4 113 883 0 0 0 0 0 4 48 361 587 0 0 0 0 0 0 10 137 853 0 0 0 0 0 0 8 132 860 0 0 0 0 0 0 7 123 870 0 0 0 0 0 0 5 137 858 0 0 0 0 0 0 5 113 882 0 0 0 0 0
0 6 127 867 0 0 0 0 0 3 69 327 601 0 0 0 0 0 1 8 128 863 0 0 0 0 0 1 9 132 858 0 0 0 0 0 0 4 124 872 0 0 0 0 0 0 12 125 863 0 0 0 0 0 0 6 134 860 0 0 0 0 0
0 8 120 872 0 0 0 0 0 4 68 329 599 0 0 0 0 0 1 7 117 875 0 0 0 0 0 0 6 128 866 0 0 0 0 0 0 9 122 869 0 0 0 0 0 0 6 125 869 0 0 0 0 0 0 2 134 864 0 0 0 0 0
0 5 141 854 0 0 0 0 0 4 75 303 618 0 0 0 0 0 0 7 118 875 0 0 0 0 0 0 7 123 870 0 0 0 0 0 0 2 127 871 0 0 0 0 0 0 12 131 857 0 0 0 0 0 0 7 131 862 0 0 0 0 0
0 3 136 861 0 0 0 0 0 3 63 321 613 0 0 0 0 0 0 7 128 865 0 0 0 0 0 0 4 121 875 0 0 0 0 0 0 8 116 876 0 0 0 0 0 0 11 131 858 0 0 0 0 0 0 5 141 854 0 0 0 0 0
0 10 141 849 0 0 0 0 0 4 50 353 593 0 0 0 0 0 0 10 125 865 0 0 0 0 0 0 8 116 876 0 0 0 0 0 0 3 151 846 0 0 0 0 0 0 7 124 869 0 0 0 0 0 0 6 127 867 0 0 0 0 0
0 3 132 865 0 0 0 0 0 1 57 317 625 0 0 0 0 0 0 8 124 868 0 0 0 0 0 0 5 114 881 0 0 0 0 0 0 3 119 878 0 0 0 0 0 0 6 137 857 0 0 0 0 0 0 9 106 885 0 0 0 0 0
0 7 145 848 0 0 0 0 0 1 91 304 604 0 0 0 0 0 0 4 121 875 0 0 0 0 0 0 4 135 861 0 0 0 0 0 0 8 117 875 0 0 0 0 0 0 4 115 881 0 0 0 0 0 0 9 126 865 0 0 0 0 0
0 5 116 879 0 0 0 0 0 3 58 331 608 0 0 0 0 0 0 6 113 881 0 0 0 0 0 0 8 114 878 0 0 0 0 0 0 8 106 886 0 0 0 0 0 0 6 119 875 0 0 0 0 0 0 8 127 865 0 0 0 0 0
0 6 126 868 0 0 0 0 0 4 55 334 607 0 0 0 0 0 0 7 121 872 0 0 0 0 0 0 6 125 869 0 0 0 0 0 0 13 110 877 0 0 0 0 0 0 6 117 877 0 0 0 0 0 0 5 123 872 0 0 0 0 0
0 5 137 858 0 0 0 0 0 6 55 339 600 0 0 0 0 0 0 10 127 863 0 0 0 0 0 0 5 149 846 0 0 0 0 0 0 6 119 875 0 0 0 0 0 0 4 125 871 0 0 0 0 0 0 6 132 862 0 0 0 0 0
0 5 127 868 0 0 0 0 0 4 55 338 603 0 0 0 0 0 0 11 110 879 0 0 0 0 0 0 4 133 863 0 0 0 0 0 0 2 120 878 0 0 0 0 0 0 10 135 855 0 0 0 0 0 0 5 113 882 0 0 0 0 0
0 9 136 855 0 0 0 0 0 2 73 315 610 0 0 0 0 0 0 8 124 868 0 0 0 0 0 0 9 117 874 0 0 0 0 0 0 6 131 863 0 0 0 0 0 0 4 119 877 0 0 0 0 0 0 7 118 875 0 0 0 0 0
0 5 118 877 0 0 0 0 0 2 63 313 622 0 0 0 0 0 0 3 107 890 0 0 0 0 0 0 6 114 880 0 0 0 0 0 0 7 107 886 0 0 0 0 0 0 12 127 861 0 0 0 0 0 0 6 127 867 0 0 0 0 0
0 7 113 880 0 0 0 0 0 5 51 343 601 0 0 0 0 0 0 3 123 874 0 0 0 0 0 0 7 121 872 0 0 0 0 0 0 5 119 876 0 0 0 0 0 0 5 111 884 0 0 0 0 0 0 6 95 899 0 0 0 0 0
0 4 108 888 0 0 0 0 0 2 58 329 611 0 0 0 0 0 0 6 110 884 0 0 0 0 0 0 4 110 886 0 0 0 0 0 1 9 114 876 0 0 0 0 0 0 2 121 877 0 0 0 0 0 0 3 117 880 0 0 0 0 0
0 0 123 877 0 0 0 0 0 2 65 316 617 0 0 0 0 0 0 5 120 875 0 0 0 0 0 0 7 114 879 0 0 0 0 0 0 2 143 855 0 0 0 0 0 0 7 115 878 0 0 0 0 0 0 8 119 873 0 0 0 0 0
0 6 126 868 0 0 0 0 0 3 61 313 623 0 0 0 0 0 0 4 118 878 0 0 0 0 0 0 10 118 872 0 0 0 0 0 1 1 124 874 0 0 0 0 0 0 3 114 883 0 0 0 0 0 1 1 108 890 0 0 0 0 0
0 5 113 882 0 0 0 0 0 4 44 324 628 0 0 0 0 0 0 8 112 880 0 0 0 0 0 0 5 113 882 0 0 0 0 0 0 6 100 894 0 0 0 0 0 1 10 94 895 0 0 0 0 0 0 2 131 867 0 0 0 0 0
1 5 120 874 0 0 0 0 0 4 51 328 617 0 0 0 0 0 0 8 122 870 0 0 0 0 0 0 5 121 874 0 0 0 0 0 0 3 127 870 0 0 0 0 0 0 5 125 870 0 0 0 0 0 0 5 102 893 0 0 0 0 0
0 7 119 874 0 0 0 0 0 5 48 328 619 0 0 0 0 0 0 3 131 866 0 0 0 0 0 0 2 124 874 0 0 0 0 0 0 4 108 888 0 0 0 0 0 0 8 116 876 0 0 0 0 0 1 4 99 896 0 0 0 0 0
0 5 110 885 0 0 0 0 0 3 39 333 625 0 0 0 0 0 0 6 102 892 0 0 0 0 0 0 5 117 878 0 0 0 0 0 0 3 123 874 0 0 0 0 0 0 6 116 878 0 0 0 0 0 0 7 122 871 0 0 0 0 0
0 5 121 874 0 0 0 0 0 2 48 311 639 0 0 0 0 0 1 5 124 870 0 0 0 0 0 0 7 106 887 0 0 0 0 0 1 4 127 868 0 0 0 0 0 0 5 133 862 0 0 0 0 0 0 4 108 888 0 0 0 0 0
0 5 122 873 0 0 0 0 0 2 68 314 616 0 0 0 0 0 0 9 91 900 0 0 0 0 0 0 5 110 885 0 0 0 0 0 0 5 115 880 0 0 0 0 0 0 4 117 879 0 0 0 0 0 0 4 120 876 0 0 0 0 0
0 3 128 869 0 0 0 0 0 4 64 325 607 0 0 0 0 0 0 4 118 878 0 0 0 0 0 0 3 122 875 0 0 0 0 0 0 2 117 881 0 0 0 0 0 0 7 118 875 0 0 0 0 0 0 5 122 873 0 0 0 0 0
0 3 123 874 0 0 0 0 0 3 58 310 629 0 0 0 0 0 0 4 123 873 0 0 0 0 0 0 2 126 872 0 0 0 0 0 0 3 101 896 0 0 0 0 0 0 6 120 874 0 0 0 0 0 0 3 116 881 0 0 0 0 0
0 6 113 881 0 0 0 0 0 2 56 332 610 0 0 0 0 0 0 4 109 887 0 0 0 0 0 0 7 110 883 0 0 0 0 0 0 2 118 880 0 0 0 0 0 0 5 115 880 0 0 0 0 0 1 7 111 881 0 0 0 0 0
1 1 107 891 0 0 0 0 0 2 61 311 626 0 0 0 0 0 0 1 123 876 0 0 0 0 0 0 5 99 896 0 0 0 0 0 0 4 108 888 0 0 0 0 0 0 3 102 895 0 0 0 0 0 0 3 111 886 0 0 0 0 0
0 6 119 875 0 0 0 0 0 0 54 340 606 0 0 0 0 0 0 7 114 879 0 0 0 0 0 1 6 113 880 0 0 0 0 0 0 1 119 880 0 0 0 0 0 1 4 125 870 0 0 0 0 0 0 2 104 894 0 0 0 0 0
0 5 116 879 0 0 0 0 0 2 46 329 623 0 0 0 0 0 0 4 95 901 0 0 0 0 0 0 4 119 877 0 0 0 0 0 0 4 117 879 0 0 0 0 0 0 4 113 883 0 0 0 0 0 0 7 107 886 0 0 0 0 0
0 7 101 892 0 0 0 0 0 7 61 322 610 0 0 0 0 0 0 2 92 906 0 0 0 0 0 0 2 101 897 0 0 0 0 0 0 2 100 898 0 0 0 0 0 0 6 107 887 0 0 0 0 0 0 2 122 876 0 0 0 0 0
0 2 141 857 0 0 0 0 0 4 54 318 624 0 0 0 0 0 0 1 117 882 0 0 0 0 0 0 2 110 888 0 0 0 0 0 0 2 87 911 0 0 0 0 0 0 9 89 902 0 0 0 0 0 0 1 102 897 0 0 0 0 0
0 2 90 908 0 0 0 0 0 2 52 344 602 0 0 0 0 0 0 2 84 914 0 0 0 0 0 0 4 116 880 0 0 0 0 0 1 6 115 878 0 0 0 0 0 0 2 110 888 0 0 0 0 0 0 3 107 890 0 0 0 0 0
0 8 107 885 0 0 0 0 0 3 44 327 626 0 0 0 0 0 0 2 103 895 0 0 0 0 0 0 3 102 895 0 0 0 0 0 0 4 123 873 0 0 0 0 0 0 4 106 890 0 0 0 0 0 0 4 91 905 0 0 0 0 0
0 7 132 861 0 0 0 0 0 6 54 325 615 0 0 0 0 0 0 4 118 878 0 0 0 0 0 0 8 105 887 0 0 0 0 0 1 8 102 889 0 0 0 0 0 0 3 98 899 0 0 0 0 0 0 1 104 895 0 0 0 0 0
0 4 110 886 0 0 0 0 0 1 59 312 628 0 0 0 0 0 0 2 98 900 0 0 0 0 0 0 6 97 897 0 0 0 0 0 0 5 111 884 0 0 0 0 0 0 3 102 895 0 0 0 0 0 0 5 122 873 0 0 0 0 0
0 7 113 880 0 0 0 0 0 2 46 316 636 0 0 0 0 0 1 6 105 888 0 0 0 0 0 0 5 102 893 0 0 0 0 0 0 1 108 891 0 0 0 0 0 0 3 108 889 0 0 0 0 0 0 6 116 878 0 0 0 0 0
0 1 96 903 0 0 0 0 0 4 53 309 634 0 0 0 0 0 1 9 100 890 0 0 0 0 0 0 6 103 891 0 0 0 0 0 0 2 104 894 0 0 0 0 0 0 5 100 895 0 0 0 0 0 0 4 107 889 0 0 0 0 0
0 4 97 899 0 0 0 0 0 2 56 311 631 0 0 0 0 0 0 1 93 906 0 0 0 0 0 0 3 99 898 0 0 0 0 0 0 4 107 889 0 0 0 0 0 0 4 96 900 0 0 0 0 0 0 4 106 890 0 0 0 0 0
0 3 106 891 0 0 0 0 0 3 53 331 613 0 0 0 0 0 0 3 111 886 0 0 0 0 0 0 4 106 890 0 0 0 0 0 0 6 101 893 0 0 0 0 0 0 7 109 884 0 0 0 0 0 0 2 108 890 0 0 0 0 0
0 5 113 882 0 0 0 0 0 3 50 316 631 0 0 0 0 0 0 2 90 908 0 0 0 0 0 0 4 109 887 0 0 0 0 0 0 5 107 888 0 0 0 0 0 0 4 104 892 0 0 0 0 0 0 5 95 900 0 0 0 0 0
0 3 104 893 0 0 0 0 0 2 44 296 658 0 0 0 0 0 0 5 99 896 0 0 0 0 0 1 5 113 881 0 0 0 0 0 0 2 104 894 0 0 0 0 0 0 6 103 891 0 0 0 0 0 0 4 99 897 0 0 0 0 0
0 3 107 890 0 0 0 0 0 2 45 315 638 0 0 0 0 0 0 3 107 890 0 0 0 0 0 0 2 98 900 0 0 0 0 0 0 1 96 903 0 0 0 0 0 0 3 107 890 0 0 0 0 0 0 4 112 884 0 0 0 0 0
0 4 100 896 0 0 0 0 0 3 47 306 644 0 0 0 0 0 0 2 92 906 0 0 0 0 0 0 6 119 875 0 0 0 0 0 1 2 79 918 0 0 0 0 0 0 8 110 882 0 0 0 0 0 0 2 96 902 0 0 0 0 0
0 3 90 907 0 0 0 0 0 3 51 321 625 0 0 0 0 0 0 4 94 902 0 0 0 0 0 0 0 115 885 0 0 0 0 0 0 3 100 897 0 0 0 0 0 0 2 86 912 0 0 0 0 0 0 5 102 893 0 0 0 0 0
0 8 112 880 0 0 0 0 0 4 71 290 635 0 0 0 0 0 0 5 88 907 0 0 0 0 0 1 3 106 890 0 0 0 0 0 1 4 99 896 0 0 0 0 0 0 6 101 893 0 0 0 0 0 0 0 97 903 0 0 0 0 0
0 7 104 889 0 0 0 0 0 5 53 307 635 0 0 0 0 0 0 4 102 894 0 0 0 0 0 0 2 108 890 0 0 0 0 0 0 3 103 894 0 0 0 0 0 0 5 112 883 0 0 0 0 0 0 2 95 903 0 0 0 0 0
0 2 104 894 0 0 0 0 0 0 54 312 634 0 0 0 0 0 0 4 99 897 0 0 0 0 0 0 3 103 894 0 0 0 0 0 0 3 94 903 0 0 0 0 0 0 0 105 895 0 0 0 0 0 0 8 97 895 0 0 0 0 0
1 3 97 899 0 0 0 0 0 2 47 299 652 0 0 0 0 0 0 1 101 898 0 0 0 0 0 0 2 92 906 0 0 0 0 0 0 3 94 903 0 0 0 0 0 0 4 99 897 0 0 0 0 0 0 5 93 902 0 0 0 0 0
0 2 92 906 0 0 0 0 0 3 49 298 650 0 0 0 0 0 0 5 101 894 0 0 0 0 0 0 6 107 887 0 0 0 0 0 0 6 102 892 0 0 0 0 0 0 5 77 918 0 0 0 0 0 0 5 89 906 0 0 0 0 0
0 1 86 913 0 0 0 0 0 1 55 306 638 0 0 0 0 0 0 5 110 885 0 0 0 0 0 0 3 88 909 0 0 0 0 0 0 0 98 902 0 0 0 0 0 0 5 89 906 0 0 0 0 0 0 3 95 902 0 0 0 0 0
0 4 111 885 0 0 0 0 0 3 37 327 633 0 0 0 0 0 0 1 97 902 0 0 0 0 0 0 5 115 880 0 0 0 0 0 0 4 78 918 0 0 0 0 0 0 3 111 886 0 0 0 0 0 0 4 92 904 0 0 0 0 0
0 2 88 910 0 0 0 0 0 1 48 296 655 0 0 0 0 0 0 2 116 882 0 0 0 0 0 0 3 100 897 0 0 0 0 0 0 4 83 913 0 0 0 0 0 0 8 92 900 0 0 0 0 0 0 5 103 892 0 0 0 0 0
0 2 84 914 0 0 0 0 0 0 52 314 634 0 0 0 0 0 0 3 87 910 0 0 0 0 0 0 2 82 916 0 0 0 0 0 0 3 108 889 0 0 0 0 0 0 0 98 902 0 0 0 0 0 0 0 88 912 0 0 0 0 0
0 3 82 915 0 0 0 0 0 4 35 303 658 0 0 0 0 0 0 5 83 912 0 0 0 0 0 0 6 115 879 0 0 0 0 0 0 2 86 912 0 0 0 0 0 0 4 92 904 0 0 0 0 0 0 1 93 906 0 0 0 0 0
0 0 87 913 0 0 0 0 0 0 46 305 649 0 0 0 0 0 0 4 78 918 0 0 0 0 0 0 5 87 908 0 0 0 0 0 0 3 100 897 0 0 0 0 0 0 3 92 905 0 0 0 0 0 0 1 97 902 0 0 0 0 0
0 3 109 888 0 0 0 0 0 5 38 295 662 0 0 0 0 0 0 6 103 891 0 0 0 0 0 0 5 92 903 0 0 0 0 0 0 1 104 895 0 0 0 0 0 0 2 89 909 0 0 0 0 0 0 5 95 900 0 0 0 0 0
0 2 97 901 0 0 0 0 0 2 44 318 636 0 0 0 0 0 0 4 87 909 0 0 0 0 0 0 6 89 905 0 0 0 0 0 1 4 103 892 0 0 0 0 0 0 2 91 907 0 0 0 0 0 0 3 99 898 0 0 0 0 0
0 4 89 907 0 0 0 0 0 2 50 291 657 0 0 0 0 0 0 3 98 899 0 0 0 0 0 0 1 84 915 0 0 0 0 0 0 3 108 889 0 0 0 0 0 0 3 88 909 0 0 0 0 0 0 2 94 904 0 0 0 0 0
0 5 98 897 0 0 0 0 0 1 51 305 643 0 0 0 0 0 0 0 91 909 0 0 0 0 0 0 2 88 910 0 0 0 0 0 1 2 87 910 0 0 0 0 0 0 0 93 907 0 0 0 0 0 0 3 100 897 0 0 0 0 0
0 5 86 909 0 0 0 0 0 3 48 293 656 0 0 0 0 0 0 0 101 899 0 0 0 0 0 0 2 87 911 0 0 0 0 0 0 6 107 887 0 0 0 0 0 0 3 108 889 0 0 0 0 0 0 1 69 930 0 0 0 0 0
0 3 96 901 0 0 0 0 0 2 42 305 651 0 0 0 0 0 0 7 98 895 0 0 0 0 0 0 4 90 906 0 0 0 0 0 0 3 101 896 0 0 0 0 0 0 4 114 882 0 0 0 0 0 0 3 104 893 0 0 0 0 0
0 5 100 895 0 0 0 0 0 1 55 299 645 0 0 0 0 0 0 3 81 916 0 0 0 0 0 0 2 95 903 0 0 0 0 0 0 1 104 895 0 0 0 0 0 0 2 70 928 0 0 0 0 0 0 3 66 931 0 0 0 0 0
0 3 95 902 0 0 0 0 0 4 37 293 666 0 0 0 0 0 0 7 74 919 0 0 0 0 0 0 5 84 911 0 0 0 0 0 0 3 81 916 0 0 0 0 0 0 1 108 891 0 0 0 0 0 0 5 78 917 0 0 0 0 0
0 1 91 908 0 0 0 0 0 1 46 286 667 0 0 0 0 0 0 2 100 898 0 0 0 0 0 0 2 91 907 0 0 0 0 0 0 6 90 904 0 0 0 0 0 0 1 93 906 0 0 0 0 0 0 4 84 912 0 0 0 0 0
0 3 73 924 0 0 0 0 0 2 47 294 657 0 0 0 0 0 0 3 87 910 0 0 0 0 0 0 4 95 901 0 0 0 0 0 0 3 81 916 0 0 0 0 0 0 4 72 924 0 0 0 0 0 0 4 89 907 0 0 0 0 0
0 6 84 910 0 0 0 0 0 1 43 289 667 0 0 0 0 0 0 1 99 900 0 0 0 0 0 0 1 95 904 0 0 0 0 0 0 3 88 909 0 0 0 0 0 0 4 99 897 0 0 0 0 0 0 3 76 921 0 0 0 0 0
0 2 96 902 0 0 0 0 0 4 52 285 659 0 0 0 0 0 0 2 85 913 0 0 0 0 0 0 2 80 918 0 0 0 0 0 0 2 94 904 0 0 0 0 0 0 3 90 907 0 0 0 0 0 0 0 92 908 0 0 0 0 0
0 4 98 898 0 0 0 0 0 3 50 282 665 0 0 0 0 0 0 0 79 921 0 0 0 0 0 0 9 86 905 0 0 0 0 0 0 3 76 921 0 0 0 0 0 0 1 100 899 0 0 0 0 0 0 0 69 931 0 0 0 0 0
0 2 90 908 0 0 0 0 0 1 46 260 693 0 0 0 0 0 0 1 83 916 0 0 0 0 0 0 2 93 905 0 0 0 0 0 0 2 97 901 0 0 0 0 0 0 3 97 900 0 0 0 0 0 0 2 79 919 0 0 0 0 0
0 1 83 916 0 0 0 0 0 2 47 300 651 0 0 0 0 0 0 3 95 902 0 0 0 0 0 0 4 70 926 0 0 0 0 0 0 2 91 907 0 0 0 0 0 0 3 76 921 0 0 0 0 0 0 0 98 902 0 0 0 0 0
0 5 94 901 0 0 0 0 0 1 58 291 650 0 0 0 0 0 0 4 89 907 0 0 0 0 0 0 6 86 908 0 0 0 0 0 0 2 75 923 0 0 0 0 0 0 1 84 915 0 0 0 0 0 0 4 81 915 0 0 0 0 0
0 3 74 923 0 0 0 0 0 0 39 302 659 0 0 0 0 0 0 3 81 916 0 0 0 0 0 0 1 85 914 0 0 0 0 0 0 9 77 914 0 0 0 0 0 0 4 83 913 0 0 0 0 0 0 1 79 920 0 0 0 0 0
0 2 91 907 0 0 0 0 0 2 51 287 660 0 0 0 0 0 0 2 89 909 0 0 0 0 0 0 2 81 917 0 0 0 0 0 0 6 80 914 0 0 0 0 0 0 3 99 898 0 0 0 0 0 0 1 103 896 0 0 0 0 0
0 2 80 918 0 0 0 0 0 4 57 272 667 0 0 0 0 0 0 1 84 915 0 0 0 0 0 0 4 78 918 0 0 0 0 0 0 1 74 925 0 0 0 0 0 0 4 97 899 0 0 0 0 0 0 3 89 908 0 0 0 0 0
0 2 80 918 0 0 0 0 0 1 40 291 668 0 0 0 0 0 0 1 96 903 0 0 0 0 0 0 3 83 914 0 0 0 0 0 0 2 79 919 0 0 0 0 0 0 2 74 924 0 0 0 0 0 0 2 87 911 0 0 0 0 0
0 1 81 918 0 0 0 0 0 4 39 282 675 0 0 0 0 0 0 0 98 902 0 0 0 0 0 0 2 85 913 0 0 0 0 0 0 2 71 927 0 0 0 0 0 0 1 82 917 0 0 0 0 0 0 2 90 908 0 0 0 0 0
0 3 82 915 0 0 0 0 0 2 42 290 666 0 0 0 0 0 0 2 78 920 0 0 0 0 0 0 3 76 921 0 0 0 0 0 0 3 70 927 0 0 0 0 0 0 4 72 924 0 0 0 0 0 0 1 76 923 0 0 0 0 0
0 2 88 910 0 0 0 0 0 1 45 262 692 0 0 0 0 0 0 2 83 915 0 0 0 0 0 0 5 77 918 0 0 0 0 0 0 1 70 929 0 0 0 0 0 0 5 90 905 0 0 0 0 0 0 2 89 909 0 0 0 0 0
0 2 83 915 0 0 0 0 0 0 36 292 672 0 0 0 0 0 0 1 94 905 0 0 0 0 0 0 2 98 900 0 0 0 0 0 0 0 75 925 0 0 0 0 0 0 2 88 910 0 0 0 0 0 0 4 86 910 0 0 0 0 0
0 2 84 914 0 0 0 0 0 4 34 266 696 0 0 0 0 0 0 2 81 917 0 0 0 0 0 0 4 79 917 0 0 0 0 0 0 0 84 916 0 0 0 0 0 0 7 77 916 0 0 0 0 0 0 3 99 898 0 0 0 0 0
0 3 81 916 0 0 0 0 0 3 32 275 690 0 0 0 0 0 0 2 90 908 0 0 0 0 0 0 1 84 915 0 0 0 0 0 0 2 80 918 0 0 0 0 0 0 1 82 917 0 0 0 0 0 0 1 94 905 0 0 0 0 0
0 1 80 919 0 0 0 0 0 2 34 287 677 0 0 0 0 0 0 1 85 914 0 0 0 0 0 0 3 70 927 0 0 0 0 0 0 1 77 922 0 0 0 0 0 0 1 79 920 0 0 0 0 0 0 2 78 920 0 0 0 0 0
0 2 58 940 0 0 0 0 0 0 44 271 685 0 0 0 0 0 0 1 111 888 0 0 0 0 0 0 3 80 917 0 0 0 0 0 0 4 86 910 0 0 0 0 0 0 2 98 900 0 0 0 0 0 0 0 83 917 0 0 0 0 0
0 2 85 913 0 0 0 0 0 3 34 265 698 0 0 0 0 0 0 4 62 934 0 0 0 0 0 0 2 68 930 0 0 0 0 0 0 6 85 909 0 0 0 0 0 0 0 88 912 0 0 0 0 0 0 2 75 923 0 0 0 0 0
0 3 66 931 0 0 0 0 0 1 34 262 703 0 0 0 0 0 0 4 71 925 0 0 0 0 0 0 4 83 913 0 0 0 0 0 0 1 81 918 0 0 0 0 0 0 4 64 932 0 0 0 0 0 0 4 70 926 0 0 0 0 0
0 1 96 903 0 0 0 0 0 1 48 280 671 0 0 0 0 0 0 1 87 912 0 0 0 0 0 0 0 79 921 0 0 0 0 0 0 2 81 917 0 0 0 0 0 0 1 86 913 0 0 0 0 0 0 0 81 919 0 0 0 0 0
0 4 79 917 0 0 0 0 0 3 39 289 669 0 0 0 0 0 0 6 76 918 0 0 0 0 0 0 3 79 918 0 0 0 0 0 0 3 73 924 0 0 0 0 0 0 1 73 926 0 0 0 0 0 0 3 70 927 0 0 0 0 0
0 0 79 921 0 0 0 0 0 3 34 276 687 0 0 0 0 0 0 0 75 925 0 0 0 0 0 0 2 71 927 0 0 0 0 0 0 1 79 920 0 0 0 0 0 1 2 88 909 0 0 0 0 0 0 2 82 916 0 0 0 0 0
0 2 80 918 0 0 0 0 0 2 42 249 707 0 0 0 0 0 0 4 84 912 0 0 0 0 0 0 0 85 915 0 0 0 0 0 0 1 79 920 0 0 0 0 0 0 1 80 919 0 0 0 0 0 0 4 93 903 0 0 0 0 0
0 3 79 918 0 0 0 0 0 0 35 260 705 0 0 0 0 0 0 1 87 912 0 0 0 0 0 0 3 73 924 0 0 0 0 0 0 2 75 923 0 0 0 0 0 0 3 84 913 0 0 0 0 0 0 3 69 928 0 0 0 0 0
0 3 75 922 0 0 0 0 0 0 31 268 701 0 0 0 0 0 0 5 86 909 0 0 0 0 0 0 0 60 940 0 0 0 0 0 0 1 73 926 0 0 0 0 0 0 2 70 928 0 0 0 0 0 0 1 80 919 0 0 0 0 0
0 2 81 917 0 0 0 0 0 0 38 267 695 0 0 0 0 0 0 2 87 911 0 0 0 0 0 0 2 66 932 0 0 0 0 0 0 4 70 926 0 0 0 0 0 0 0 84 916 0 0 0 0 0 0 4 59 937 0 0 0 0 0
0 3 80 917 0 0 0 0 0 2 29 284 685 0 0 0 0 0 0 1 81 918 0 0 0 0 0 0 6 71 923 0 0 0 0 0 0 2 80 918 0 0 0 0 0 0 2 84 914 0 0 0 0 0 0 5 72 923 0 0 0 0 0
0 3 64 933 0 0 0 0 0 5 25 267 703 0 0 0 0 0 0 2 72 926 0 0 0 0 0 0 2 81 917 0 0 0 0 0 0 4 86 910 0 0 0 0 0 0 1 76 923 0 0 0 0 0 0 4 73 923 0 0 0 0 0
0 3 72 925 0 0 0 0 0 0 27 247 726 0 0 0 0 0 0 3 66 931 0 0 0 0 0 0 3 72 925 0 0 0 0 0 0 0 67 933 0 0 0 0 0 0 1 77 922 0 0 0 0 0 0 2 74 924 0 0 0 0 0
0 0 69 931 0 0 0 0 0 1 40 265 694 0 0 0 0 0 0 5 62 933 0 0 0 0 0 0 0 69 931 0 0 0 0 0 0 1 80 919 0 0 0 0 0 0 0 71 929 0 0 0 0 0 0 1 68 931 0 0 0 0 0
0 3 73 924 0 0 0 0 0 0 36 300 664 0 0 0 0 0 0 1 87 912 0 0 0 0 0 0 4 76 920 0 0 0 0 0 0 4 70 926 0 0 0 0 0 0 1 81 918 0 0 0 0 0 0 1 67 932 0 0 0 0 0
0 0 100 900 0 0 0 0 0 2 41 231 726 0 0 0 0 0 0 2 61 937 0 0 0 0 0 0 1 70 929 0 0 0 0 0 0 4 76 920 0 0 0 0 0 0 3 74 923 0 0 0 0 0 0 2 72 926 0 0 0 0 0
0 2 86 912 0 0 0 0 0 0 43 259 698 0 0 0 0 0 0 3 71 926 0 0 0 0 0 0 0 79 921 0 0 0 0 0 0 4 85 911 0 0 0 0 0 0 3 71 926 0 0 0 0 0 0 1 87 912 0 0 0 0 0
0 3 67 930 0 0 0 0 0 2 29 257 712 0 0 0 0 0 0 1 83 916 0 0 0 0 0 0 1 72 927 0 0 0 0 0 0 1 66 933 0 0 0 0 0 0 0 85 915 0 0 0 0 0 0 1 77 922 0 0 0 0 0
0 2 76 922 0 0 0 0 0 2 26 254 718 0 0 0 0 0 0 2 72 926 0 0 0 0 0 0 2 78 920 0 0 0 0 0 0 0 62 938 0 0 0 0 0 0 4 73 923 0 0 0 0 0 0 2 73 925 0 0 0 0 0
0 2 69 929 0 0 0 0 0 0 35 259 706 0 0 0 0 0 0 1 76 923 0 0 0 0 0 0 6 76 918 0 0 0 0 0 0 4 68 928 0 0 0 0 0 0 5 101 894 0 0 0 0 0 0 2 66 932 0 0 0 0 0
0 4 69 927 0 0 0 0 0 1 40 258 701 0 0 0 0 0 0 4 77 919 0 0 0 0 0 0 3 69 928 0 0 0 0 0 0 4 66 930 0 0 0 0 0 0 1 71 928 0 0 0 0 0 0 5 66 929 0 0 0 0 0
0 0 75 925 0 0 0 0 0 3 41 252 704 0 0 0 0 0 0 0 80 920 0 0 0 0 0 0 0 63 937 0 0 0 0 0 0 1 54 945 0 0 0 0 0 0 4 66 930 0 0 0 0 0 0 4 66 930 0 0 0 0 0
0 4 64 932 0 0 0 0 0 1 30 244 725 0 0 0 0 0 0 2 55 943 0 0 0 0 0 0 1 63 936 0 0 0 0 0 0 0 73 927 0 0 0 0 0 0 3 72 925 0 0 0 0 0 0 2 60 938 0 0 0 0 0
0 3 69 928 0 0 0 0 0 2 22 240 736 0 0 0 0 0 0 3 76 921 0 0 0 0 0 0 1 69 930 0 0 0 0 0 0 2 62 936 0 0 0 0 0 0 0 77 923 0 0 0 0 0 0 4 63 933 0 0 0 0 0
0 1 62 937 0 0 0 0 0 1 31 258 710 0 0 0 0 0 0 3 79 918 0 0 0 0 0 0 0 68 932 0 0 0 0 0 0 0 61 939 0 0 0 0 0 0 3 72 925 0 0 0 0 0 0 1 67 932 0 0 0 0 0
