928 68 4 0 0 0 0 0 0 923 77 0 0 0 0 0 0 0 917 82 1 0 0 0 0 0 0 916 81 3 0 0 0 0 0 0 920 78 2 0 0 0 0 0 0 909 87 4 0 0 0 0 0 0 930 70 0 0 0 0 0 0 0
872 120 8 0 0 0 0 0 0 867 126 7 0 0 0 0 0 0 840 151 9 0 0 0 0 0 0 857 131 12 0 0 0 0 0 0 861 129 9 1 0 0 0 0 0 857 138 5 0 0 0 0 0 0 852 137 11 0 0 0 0 0 0
777 201 22 0 0 0 0 0 0 851 141 7 1 0 0 0 0 0 786 196 18 0 0 0 0 0 0 800 183 15 2 0 0 0 0 0 790 183 27 0 0 0 0 0 0 805 185 10 0 0 0 0 0 0 796 190 14 0 0 0 0 0 0
742 218 37 3 0 0 0 0 0 828 152 20 0 0 0 0 0 0 728 241 31 0 0 0 0 0 0 704 259 34 3 0 0 0 0 0 737 231 29 3 0 0 0 0 0 741 223 36 0 0 0 0 0 0 719 241 38 1 1 0 0 0 0
698 263 36 2 1 0 0 0 0 819 167 13 1 0 0 0 0 0 696 245 57 2 0 0 0 0 0 696 256 47 1 0 0 0 0 0 686 264 48 2 0 0 0 0 0 687 270 40 3 0 0 0 0 0 709 254 37 0 0 0 0 0 0
639 317 43 1 0 0 0 0 0 780 199 19 2 0 0 0 0 0 669 282 42 7 0 0 0 0 0 660 291 46 3 0 0 0 0 0 676 268 52 4 0 0 0 0 0 643 290 63 3 1 0 0 0 0 644 302 50 4 0 0 0 0 0
625 321 48 6 0 0 0 0 0 777 199 23 1 0 0 0 0 0 626 302 68 4 0 0 0 0 0 602 332 60 6 0 0 0 0 0 613 318 62 7 0 0 0 0 0 591 353 51 5 0 0 0 0 0 589 328 76 6 1 0 0 0 0
583 335 71 10 1 0 0 0 0 719 247 34 0 0 0 0 0 0 563 351 80 6 0 0 0 0 0 570 340 78 12 0 0 0 0 0 607 320 67 6 0 0 0 0 0 589 324 78 9 0 0 0 0 0 594 317 82 7 0 0 0 0 0
564 339 89 7 1 0 0 0 0 721 233 43 3 0 0 0 0 0 561 353 76 10 0 0 0 0 0 534 383 76 6 1 0 0 0 0 545 363 85 7 0 0 0 0 0 531 367 93 9 0 0 0 0 0 535 366 92 5 2 0 0 0 0
522 371 101 6 0 0 0 0 0 658 301 38 3 0 0 0 0 0 489 377 116 18 0 0 0 0 0 515 361 116 8 0 0 0 0 0 502 384 96 18 0 0 0 0 0 546 343 102 9 0 0 0 0 0 526 369 93 12 0 0 0 0 0
486 398 104 12 0 0 0 0 0 648 286 65 1 0 0 0 0 0 486 398 108 7 1 0 0 0 0 505 389 94 12 0 0 0 0 0 508 383 96 12 1 0 0 0 0 487 381 117 12 3 0 0 0 0 441 424 121 11 3 0 0 0 0
467 389 128 16 0 0 0 0 0 623 321 49 7 0 0 0 0 0 459 407 114 20 0 0 0 0 0 476 383 121 19 1 0 0 0 0 483 374 126 17 0 0 0 0 0 489 382 120 9 0 0 0 0 0 445 410 130 14 1 0 0 0 0
447 391 144 18 0 0 0 0 0 600 334 62 4 0 0 0 0 0 449 404 126 20 1 0 0 0 0 426 420 126 25 3 0 0 0 0 462 393 127 17 1 0 0 0 0 434 407 139 19 1 0 0 0 0 442 394 146 17 1 0 0 0 0
423 407 142 27 1 0 0 0 0 598 322 76 3 1 0 0 0 0 424 409 136 30 1 0 0 0 0 411 410 159 20 0 0 0 0 0 422 407 152 19 0 0 0 0 0 436 402 134 28 0 0 0 0 0 415 404 158 23 0 0 0 0 0
418 401 159 21 1 0 0 0 0 564 348 75 13 0 0 0 0 0 374 435 167 23 1 0 0 0 0 419 410 144 26 1 0 0 0 0 409 420 146 25 0 0 0 0 0 401 417 152 30 0 0 0 0 0 394 424 149 32 1 0 0 0 0
376 431 163 29 1 0 0 0 0 561 354 77 7 1 0 0 0 0 394 419 153 32 2 0 0 0 0 386 392 191 30 1 0 0 0 0 374 421 170 35 0 0 0 0 0 414 384 162 39 1 0 0 0 0 369 441 166 23 1 0 0 0 0
349 425 191 35 0 0 0 0 0 519 366 107 8 0 0 0 0 0 357 443 163 36 1 0 0 0 0 361 406 186 41 6 0 0 0 0 357 415 181 41 6 0 0 0 0 379 406 172 38 5 0 0 0 0 343 439 182 34 2 0 0 0 0
335 422 197 45 1 0 0 0 0 500 391 102 6 1 0 0 0 0 366 404 188 40 2 0 0 0 0 337 442 185 29 7 0 0 0 0 383 391 189 36 1 0 0 0 0 332 417 207 39 5 0 0 0 0 319 422 207 51 1 0 0 0 0
329 416 212 41 2 0 0 0 0 498 397 93 12 0 0 0 0 0 332 415 203 44 6 0 0 0 0 330 424 199 40 7 0 0 0 0 347 410 205 36 2 0 0 0 0 330 401 211 54 4 0 0 0 0 312 423 214 44 7 0 0 0 0
309 432 212 45 2 0 0 0 0 468 410 109 11 2 0 0 0 0 314 419 213 47 7 0 0 0 0 290 418 232 57 3 0 0 0 0 325 408 211 51 5 0 0 0 0 303 446 201 45 5 0 0 0 0 311 403 225 59 2 0 0 0 0
294 415 224 66 1 0 0 0 0 469 410 109 12 0 0 0 0 0 300 425 218 53 4 0 0 0 0 291 414 232 58 5 0 0 0 0 296 443 210 48 3 0 0 0 0 272 423 241 55 9 0 0 0 0 307 406 238 47 2 0 0 0 0
281 416 248 50 5 0 0 0 0 454 411 113 22 0 0 0 0 0 254 449 226 62 9 0 0 0 0 292 421 232 52 3 0 0 0 0 312 401 220 64 3 0 0 0 0 291 394 253 57 5 0 0 0 0 270 420 246 60 4 0 0 0 0
263 417 244 69 7 0 0 0 0 458 396 132 13 1 0 0 0 0 290 405 247 51 7 0 0 0 0 257 419 260 61 3 0 0 0 0 260 437 225 71 7 0 0 0 0 240 427 254 72 7 0 0 0 0 282 398 248 66 6 0 0 0 0
247 425 239 84 5 0 0 0 0 430 393 148 29 0 0 0 0 0 260 410 254 64 12 0 0 0 0 257 430 237 68 8 0 0 0 0 247 435 256 54 8 0 0 0 0 241 404 263 85 7 0 0 0 0 245 440 229 78 8 0 0 0 0
234 410 277 73 6 0 0 0 0 417 419 143 21 0 0 0 0 0 250 419 241 81 9 0 0 0 0 243 418 263 70 6 0 0 0 0 254 417 245 72 12 0 0 0 0 235 425 255 78 7 0 0 0 0 233 422 267 70 8 0 0 0 0
231 425 274 66 4 0 0 0 0 421 411 137 29 2 0 0 0 0 227 433 266 64 10 0 0 0 0 214 389 310 80 7 0 0 0 0 253 402 264 74 7 0 0 0 0 210 458 255 74 3 0 0 0 0 224 421 278 72 5 0 0 0 0
219 427 269 77 8 0 0 0 0 373 416 182 29 0 0 0 0 0 231 392 280 89 8 0 0 0 0 249 416 265 62 8 0 0 0 0 227 407 275 83 8 0 0 0 0 232 406 270 87 5 0 0 0 0 207 414 277 88 14 0 0 0 0
219 398 280 85 18 0 0 0 0 395 425 148 30 2 0 0 0 0 217 430 262 84 7 0 0 0 0 217 398 277 101 7 0 0 0 0 213 395 308 79 5 0 0 0 0 239 368 277 106 10 0 0 0 0 198 405 286 96 15 0 0 0 0
201 412 281 94 12 0 0 0 0 361 422 188 25 4 0 0 0 0 207 419 255 108 11 0 0 0 0 208 399 297 88 8 0 0 0 0 229 376 297 83 15 0 0 0 0 206 411 284 92 7 0 0 0 0 221 411 270 83 15 0 0 0 0
195 399 314 82 10 0 0 0 0 357 444 156 41 2 0 0 0 0 201 388 298 104 9 0 0 0 0 178 402 306 100 14 0 0 0 0 182 403 301 101 13 0 0 0 0 206 396 296 95 7 0 0 0 0 195 404 289 103 9 0 0 0 0
221 369 289 103 18 0 0 0 0 361 417 174 45 3 0 0 0 0 185 388 315 96 16 0 0 0 0 181 418 290 98 13 0 0 0 0 176 416 278 108 22 0 0 0 0 151 426 300 106 17 0 0 0 0 170 376 326 108 20 0 0 0 0
169 403 301 108 19 0 0 0 0 359 415 193 22 11 0 0 0 0 177 360 322 125 16 0 0 0 0 169 406 290 120 15 0 0 0 0 180 395 303 104 18 0 0 0 0 182 388 307 110 13 0 0 0 0 171 387 324 107 11 0 0 0 0
198 389 290 107 16 0 0 0 0 354 416 184 44 2 0 0 0 0 187 368 299 119 27 0 0 0 0 190 367 314 109 20 0 0 0 0 163 403 319 102 13 0 0 0 0 163 382 329 112 14 0 0 0 0 166 358 344 105 27 0 0 0 0
175 369 317 122 17 0 0 0 0 331 419 197 52 1 0 0 0 0 160 395 326 101 18 0 0 0 0 171 367 320 121 21 0 0 0 0 179 395 295 101 30 0 0 0 0 157 366 328 138 11 0 0 0 0 159 382 297 140 22 0 0 0 0
161 358 321 143 17 0 0 0 0 301 440 210 46 3 0 0 0 0 158 410 289 121 22 0 0 0 0 155 389 312 121 23 0 0 0 0 148 367 341 123 21 0 0 0 0 165 366 321 123 25 0 0 0 0 155 405 302 124 14 0 0 0 0
161 358 332 124 25 0 0 0 0 344 390 210 52 4 0 0 0 0 169 362 318 134 17 0 0 0 0 153 368 321 135 23 0 0 0 0 158 368 330 133 11 0 0 0 0 164 375 320 122 19 0 0 0 0 140 379 325 138 18 0 0 0 0
134 376 331 137 22 0 0 0 0 309 426 205 54 6 0 0 0 0 149 376 325 133 17 0 0 0 0 142 367 328 140 23 0 0 0 0 130 361 340 150 19 0 0 0 0 157 348 328 146 21 0 0 0 0 152 370 317 143 18 0 0 0 0
157 360 346 124 13 0 0 0 0 317 393 246 39 5 0 0 0 0 143 357 339 143 18 0 0 0 0 140 347 344 150 19 0 0 0 0 119 365 358 136 22 0 0 0 0 152 349 331 132 36 0 0 0 0 123 373 361 118 25 0 0 0 0
140 330 358 155 17 0 0 0 0 310 410 229 47 4 0 0 0 0 125 344 358 144 29 0 0 0 0 138 342 341 158 21 0 0 0 0 126 341 354 158 21 0 0 0 0 127 356 347 147 23 0 0 0 0 121 370 335 146 28 0 0 0 0
136 335 338 161 30 0 0 0 0 289 429 221 56 5 0 0 0 0 132 367 326 150 25 0 0 0 0 127 362 340 140 31 0 0 0 0 121 350 342 161 26 0 0 0 0 123 365 343 144 25 0 0 0 0 140 333 352 147 28 0 0 0 0
141 344 352 134 29 0 0 0 0 269 421 235 72 3 0 0 0 0 118 337 359 157 29 0 0 0 0 118 302 364 178 38 0 0 0 0 135 325 364 153 23 0 0 0 0 112 323 380 159 26 0 0 0 0 139 330 357 148 26 0 0 0 0
137 325 364 141 33 0 0 0 0 248 421 245 79 7 0 0 0 0 121 326 360 158 35 0 0 0 0 116 315 350 188 31 0 0 0 0 100 331 361 177 31 0 0 0 0 125 331 354 163 27 0 0 0 0 128 336 345 161 30 0 0 0 0
115 326 367 158 34 0 0 0 0 243 437 254 58 8 0 0 0 0 115 315 377 157 36 0 0 0 0 96 331 382 166 25 0 0 0 0 110 331 340 180 39 0 0 0 0 111 340 348 174 27 0 0 0 0 99 343 358 176 24 0 0 0 0
98 327 378 168 29 0 0 0 0 241 441 237 71 10 0 0 0 0 109 337 359 162 33 0 0 0 0 80 371 366 153 30 0 0 0 0 91 343 347 193 26 0 0 0 0 104 313 380 175 28 0 0 0 0 88 352 366 159 35 0 0 0 0
118 337 329 179 37 0 0 0 0 283 369 255 82 11 0 0 0 0 112 319 356 179 34 0 0 0 0 108 325 354 179 34 0 0 0 0 121 299 347 196 37 0 0 0 0 111 312 360 187 30 0 0 0 0 116 290 367 188 39 0 0 0 0
110 307 335 204 44 0 0 0 0 249 383 283 77 8 0 0 0 0 109 317 346 200 28 0 0 0 0 100 302 378 188 32 0 0 0 0 99 327 342 209 23 0 0 0 0 87 307 390 188 28 0 0 0 0 94 304 376 190 36 0 0 0 0
94 319 359 176 52 0 0 0 0 244 400 273 70 13 0 0 0 0 116 302 377 168 37 0 0 0 0 118 311 376 153 42 0 0 0 0 84 301 373 211 31 0 0 0 0 96 325 350 199 30 0 0 0 0 96 318 372 180 34 0 0 0 0
92 305 360 189 54 0 0 0 0 209 410 293 79 9 0 0 0 0 87 328 376 169 40 0 0 0 0 98 319 353 187 43 0 0 0 0 88 311 372 184 45 0 0 0 0 91 316 376 182 35 0 0 0 0 87 288 396 194 35 0 0 0 0
94 330 346 199 31 0 0 0 0 234 421 261 76 8 0 0 0 0 82 311 356 213 38 0 0 0 0 84 281 394 201 40 0 0 0 0 97 285 361 205 52 0 0 0 0 86 306 361 214 33 0 0 0 0 90 279 395 195 41 0 0 0 0
90 281 382 210 37 0 0 0 0 216 399 290 83 12 0 0 0 0 100 288 375 203 34 0 0 0 0 88 302 369 201 40 0 0 0 0 106 301 373 187 33 0 0 0 0 101 301 367 190 41 0 0 0 0 101 291 353 217 38 0 0 0 0
72 281 381 216 50 0 0 0 0 218 411 271 91 9 0 0 0 0 99 274 368 230 29 0 0 0 0 87 282 386 195 50 0 0 0 0 94 259 386 221 40 0 0 0 0 80 300 357 216 47 0 0 0 0 79 274 367 235 45 0 0 0 0
80 287 391 198 44 0 0 0 0 183 400 319 91 7 0 0 0 0 75 315 324 238 48 0 0 0 0 67 302 355 227 49 0 0 0 0 86 300 372 198 44 0 0 0 0 74 270 385 212 59 0 0 0 0 82 292 355 228 43 0 0 0 0
81 276 364 245 34 0 0 0 0 205 396 289 101 9 0 0 0 0 93 267 363 220 57 0 0 0 0 78 278 357 242 45 0 0 0 0 79 298 327 243 53 0 0 0 0 80 267 390 211 52 0 0 0 0 76 269 375 234 46 0 0 0 0
80 293 371 210 46 0 0 0 0 210 395 272 109 14 0 0 0 0 76 259 389 217 59 0 0 0 0 68 269 374 233 56 0 0 0 0 64 272 372 234 58 0 0 0 0 82 264 361 239 54 0 0 0 0 71 250 383 255 41 0 0 0 0
79 242 390 240 49 0 0 0 0 210 386 306 93 5 0 0 0 0 58 273 388 231 50 0 0 0 0 66 271 386 223 54 0 0 0 0 85 271 341 245 58 0 0 0 0 74 288 357 230 51 0 0 0 0 63 297 353 232 55 0 0 0 0
65 270 369 235 61 0 0 0 0 190 386 307 108 9 0 0 0 0 65 269 374 239 53 0 0 0 0 52 271 378 254 45 0 0 0 0 68 259 372 241 60 0 0 0 0 76 255 366 245 58 0 0 0 0 60 296 357 231 56 0 0 0 0
49 255 390 247 59 0 0 0 0 193 417 286 90 14 0 0 0 0 54 242 385 266 53 0 0 0 0 72 271 346 258 53 0 0 0 0 61 259 375 245 60 0 0 0 0 67 254 391 243 45 0 0 0 0 74 271 363 241 51 0 0 0 0
68 262 382 238 50 0 0 0 0 181 386 316 105 12 0 0 0 0 83 216 386 259 56 0 0 0 0 72 232 385 248 63 0 0 0 0 68 252 364 265 51 0 0 0 0 50 254 387 247 62 0 0 0 0 56 242 372 267 63 0 0 0 0
59 239 400 242 60 0 0 0 0 171 394 309 110 16 0 0 0 0 63 260 367 239 71 0 0 0 0 58 256 397 232 57 0 0 0 0 69 251 370 246 64 0 0 0 0 63 246 398 230 63 0 0 0 0 57 255 372 263 53 0 0 0 0
61 219 387 264 69 0 0 0 0 168 361 328 119 24 0 0 0 0 57 237 376 261 69 0 0 0 0 72 210 395 259 64 0 0 0 0 55 241 391 258 55 0 0 0 0 53 233 384 267 63 0 0 0 0 58 239 369 270 64 0 0 0 0
55 244 386 257 58 0 0 0 0 193 360 304 125 18 0 0 0 0 75 253 372 231 69 0 0 0 0 49 236 394 258 63 0 0 0 0 48 247 355 274 76 0 0 0 0 54 250 368 260 68 0 0 0 0 56 251 373 256 64 0 0 0 0
60 224 361 278 77 0 0 0 0 184 358 328 113 17 0 0 0 0 40 242 383 260 75 0 0 0 0 53 223 376 288 60 0 0 0 0 52 257 352 272 67 0 0 0 0 45 246 380 255 74 0 0 0 0 54 240 380 252 74 0 0 0 0
57 203 403 258 79 0 0 0 0 160 397 311 117 15 0 0 0 0 58 258 354 268 62 0 0 0 0 49 235 363 283 70 0 0 0 0 57 231 382 255 75 0 0 0 0 61 206 384 269 80 0 0 0 0 60 259 356 258 67 0 0 0 0
51 226 374 280 69 0 0 0 0 168 375 315 115 27 0 0 0 0 50 222 378 273 77 0 0 0 0 52 235 365 275 73 0 0 0 0 48 201 379 295 77 0 0 0 0 64 217 393 264 62 0 0 0 0 47 233 358 283 79 0 0 0 0
61 221 365 281 72 0 0 0 0 153 389 313 132 13 0 0 0 0 57 250 369 265 59 0 0 0 0 43 229 383 257 88 0 0 0 0 45 225 362 283 85 0 0 0 0 51 226 348 280 95 0 0 0 0 62 211 368 276 83 0 0 0 0
46 211 370 290 83 0 0 0 0 149 331 377 124 19 0 0 0 0 45 238 368 284 65 0 0 0 0 57 206 365 282 90 0 0 0 0 51 210 369 256 114 0 0 0 0 52 223 377 274 74 0 0 0 0 53 204 395 263 85 0 0 0 0
46 193 404 283 74 0 0 0 0 150 345 343 139 23 0 0 0 0 45 214 382 277 82 0 0 0 0 46 203 389 277 85 0 0 0 0 39 216 371 282 92 0 0 0 0 53 224 386 256 81 0 0 0 0 44 227 398 248 83 0 0 0 0
52 217 370 289 72 0 0 0 0 144 371 325 138 22 0 0 0 0 46 214 360 306 74 0 0 0 0 51 221 350 286 92 0 0 0 0 39 202 395 296 68 0 0 0 0 54 185 401 264 96 0 0 0 0 53 239 370 267 71 0 0 0 0
38 210 358 296 98 0 0 0 0 139 370 346 120 25 0 0 0 0 41 214 363 288 94 0 0 0 0 51 197 378 290 84 0 0 0 0 43 223 361 278 95 0 0 0 0 51 204 390 280 75 0 0 0 0 38 175 386 296 105 0 0 0 0
33 217 346 301 103 0 0 0 0 126 373 344 136 21 0 0 0 0 33 204 372 318 73 0 0 0 0 51 220 368 275 86 0 0 0 0 42 189 368 313 88 0 0 0 0 42 217 363 284 94 0 0 0 0 34 205 394 270 97 0 0 0 0
38 205 351 313 93 0 0 0 0 143 326 367 142 22 0 0 0 0 55 222 345 294 84 0 0 0 0 37 194 378 297 94 0 0 0 0 40 192 394 295 79 0 0 0 0 36 203 375 294 92 0 0 0 0 52 204 357 296 91 0 0 0 0
29 200 380 309 82 0 0 0 0 134 369 320 153 24 0 0 0 0 50 197 347 307 99 0 0 0 0 37 197 363 314 89 0 0 0 0 42 186 363 312 97 0 0 0 0 40 196 379 303 82 0 0 0 0 32 189 372 306 101 0 0 0 0
35 185 366 325 89 0 0 0 0 146 315 351 165 23 0 0 0 0 44 195 350 307 104 0 0 0 0 45 186 353 306 110 0 0 0 0 35 204 337 328 96 0 0 0 0 33 171 377 321 98 0 0 0 0 30 199 354 311 106 0 0 0 0
45 194 335 316 110 0 0 0 0 127 359 348 149 17 0 0 0 0 40 196 352 317 95 0 0 0 0 38 183 343 320 116 0 0 0 0 36 217 336 308 103 0 0 0 0 51 168 346 318 117 0 0 0 0 31 180 369 332 88 0 0 0 0
39 191 361 319 90 0 0 0 0 117 347 354 156 26 0 0 0 0 43 195 343 324 95 0 0 0 0 37 186 345 320 112 0 0 0 0 33 195 365 280 127 0 0 0 0 31 192 361 299 117 0 0 0 0 40 198 363 304 95 0 0 0 0
41 158 381 321 99 0 0 0 0 140 346 342 144 28 0 0 0 0 37 183 377 303 100 0 0 0 0 33 181 377 314 95 0 0 0 0 38 178 365 296 123 0 0 0 0 36 188 351 313 112 0 0 0 0 31 181 391 291 106 0 0 0 0
44 179 360 305 112 0 0 0 0 124 330 356 152 38 0 0 0 0 46 161 380 313 100 0 0 0 0 30 167 386 312 105 0 0 0 0 30 200 333 321 116 0 0 0 0 34 177 361 333 95 0 0 0 0 33 170 368 309 120 0 0 0 0
26 155 366 341 112 0 0 0 0 127 318 366 169 20 0 0 0 0 31 187 355 321 106 0 0 0 0 30 180 354 314 122 0 0 0 0 50 185 353 306 106 0 0 0 0 44 183 360 321 92 0 0 0 0 31 171 360 327 111 0 0 0 0
25 176 360 323 116 0 0 0 0 110 314 380 166 30 0 0 0 0 33 175 350 318 124 0 0 0 0 28 168 354 353 97 0 0 0 0 41 160 353 344 102 0 0 0 0 23 208 326 340 103 0 0 0 0 33 178 331 348 110 0 0 0 0
36 177 331 328 128 0 0 0 0 105 336 357 169 33 0 0 0 0 38 172 338 336 116 0 0 0 0 29 169 345 336 121 0 0 0 0 33 170 334 341 122 0 0 0 0 29 152 346 344 129 0 0 0 0 27 154 340 359 120 0 0 0 0
24 201 320 340 115 0 0 0 0 119 306 392 162 21 0 0 0 0 30 147 374 343 106 0 0 0 0 27 158 355 331 129 0 0 0 0 37 174 363 314 112 0 0 0 0 24 163 366 334 113 0 0 0 0 23 193 344 332 108 0 0 0 0
25 145 346 356 128 0 0 0 0 108 319 355 188 30 0 0 0 0 25 152 336 366 121 0 0 0 0 20 175 348 324 133 0 0 0 0 21 162 364 335 118 0 0 0 0 21 158 343 354 124 0 0 0 0 30 156 346 341 127 0 0 0 0
34 142 343 348 133 0 0 0 0 95 339 366 172 28 0 0 0 0 21 148 360 349 122 0 0 0 0 26 144 392 324 114 0 0 0 0 21 164 369 338 108 0 0 0 0 22 170 368 321 119 0 0 0 0 28 164 359 316 133 0 0 0 0
26 173 355 326 120 0 0 0 0 112 313 349 200 26 0 0 0 0 21 145 370 349 115 0 0 0 0 21 157 375 327 120 0 0 0 0 22 154 351 339 134 0 0 0 0 27 161 365 336 111 0 0 0 0 29 137 372 347 115 0 0 0 0
38 153 327 373 109 0 0 0 0 106 305 381 174 34 0 0 0 0 27 178 356 312 127 0 0 0 0 14 157 360 335 134 0 0 0 0 21 139 306 395 139 0 0 0 0 27 151 335 354 133 0 0 0 0 19 160 339 366 116 0 0 0 0
23 148 344 354 131 0 0 0 0 93 296 386 183 42 0 0 0 0 19 152 360 345 124 0 0 0 0 28 148 334 330 160 0 0 0 0 19 148 355 354 124 0 0 0 0 32 137 355 338 138 0 0 0 0 24 138 330 355 153 0 0 0 0
22 155 324 356 143 0 0 0 0 91 320 362 195 32 0 0 0 0 25 140 332 361 142 0 0 0 0 31 153 352 331 133 0 0 0 0 28 121 359 353 139 0 0 0 0 17 173 362 312 136 0 0 0 0 24 137 352 354 133 0 0 0 0
21 131 327 373 148 0 0 0 0 105 295 377 197 26 0 0 0 0 24 144 331 359 142 0 0 0 0 19 136 359 367 119 0 0 0 0 17 154 317 372 140 0 0 0 0 25 174 295 365 141 0 0 0 0 21 152 344 345 138 0 0 0 0
22 135 333 384 126 0 0 0 0 108 284 364 204 40 0 0 0 0 16 140 335 370 139 0 0 0 0 19 132 352 370 127 0 0 0 0 23 159 322 352 144 0 0 0 0 17 151 365 332 135 0 0 0 0 18 146 344 367 125 0 0 0 0
15 148 350 339 148 0 0 0 0 91 299 369 199 42 0 0 0 0 21 139 341 359 140 0 0 0 0 18 135 319 380 148 0 0 0 0 19 141 328 365 147 0 0 0 0 16 147 344 329 164 0 0 0 0 14 140 330 358 158 0 0 0 0
17 130 347 362 144 0 0 0 0 91 274 387 209 39 0 0 0 0 14 144 349 356 137 0 0 0 0 16 116 366 357 145 0 0 0 0 27 131 354 340 148 0 0 0 0 25 135 332 376 132 0 0 0 0 28 126 324 374 148 0 0 0 0
20 130 341 360 149 0 0 0 0 75 332 369 178 46 0 0 0 0 25 127 313 378 157 0 0 0 0 14 103 353 377 153 0 0 0 0 27 126 336 374 137 0 0 0 0 20 156 293 379 152 0 0 0 0 21 120 340 365 154 0 0 0 0
32 137 326 352 153 0 0 0 0 85 287 385 192 51 0 0 0 0 16 112 335 382 155 0 0 0 0 26 113 323 363 175 0 0 0 0 25 132 320 368 155 0 0 0 0 16 148 320 356 160 0 0 0 0 16 128 334 365 157 0 0 0 0
26 131 331 358 154 0 0 0 0 88 279 376 207 50 0 0 0 0 13 121 313 373 180 0 0 0 0 15 105 330 384 166 0 0 0 0 17 142 348 338 155 0 0 0 0 20 139 329 356 156 0 0 0 0 19 114 341 386 140 0 0 0 0
21 125 306 392 156 0 0 0 0 95 295 363 211 36 0 0 0 0 13 127 327 378 155 0 0 0 0 14 113 323 402 148 0 0 0 0 15 125 347 353 160 0 0 0 0 10 124 311 385 170 0 0 0 0 24 120 329 366 161 0 0 0 0
27 142 317 356 158 0 0 0 0 77 270 393 212 48 0 0 0 0 22 121 330 340 187 0 0 0 0 19 128 316 364 173 0 0 0 0 28 95 333 382 162 0 0 0 0 15 127 323 380 155 0 0 0 0 23 126 328 351 172 0 0 0 0
15 140 312 396 137 0 0 0 0 79 299 370 210 42 0 0 0 0 18 125 301 368 188 0 0 0 0 19 117 312 378 174 0 0 0 0 17 134 310 374 165 0 0 0 0 11 133 298 396 162 0 0 0 0 15 103 341 389 152 0 0 0 0
24 123 316 373 164 0 0 0 0 68 279 387 214 52 0 0 0 0 20 117 316 374 173 0 0 0 0 16 129 314 376 165 0 0 0 0 13 109 313 400 165 0 0 0 0 22 124 303 396 155 0 0 0 0 24 130 307 363 176 0 0 0 0
8 113 323 360 196 0 0 0 0 90 301 358 201 50 0 0 0 0 20 114 305 378 183 0 0 0 0 14 125 312 382 167 0 0 0 0 10 114 328 389 159 0 0 0 0 13 116 328 361 182 0 0 0 0 16 131 311 370 172 0 0 0 0
13 110 297 392 188 0 0 0 0 70 271 364 229 66 0 0 0 0 15 107 299 391 188 0 0 0 0 19 101 313 379 188 0 0 0 0 9 131 301 379 180 0 0 0 0 18 115 325 369 173 0 0 0 0 14 128 317 373 168 0 0 0 0
12 99 315 407 167 0 0 0 0 76 267 378 222 57 0 0 0 0 19 107 293 405 176 0 0 0 0 8 123 308 386 175 0 0 0 0 12 121 305 400 162 0 0 0 0 22 109 324 363 182 0 0 0 0 20 122 292 409 157 0 0 0 0
13 112 323 378 174 0 0 0 0 75 254 384 232 55 0 0 0 0 13 118 318 387 164 0 0 0 0 12 123 297 414 154 0 0 0 0 16 103 301 391 189 0 0 0 0 13 106 313 375 193 0 0 0 0 20 116 328 359 177 0 0 0 0
10 104 309 399 178 0 0 0 0 65 257 390 225 63 0 0 0 0 11 97 308 389 195 0 0 0 0 17 119 298 378 188 0 0 0 0 10 98 316 398 178 0 0 0 0 19 113 306 372 190 0 0 0 0 13 114 287 402 184 0 0 0 0
20 98 321 376 185 0 0 0 0 64 277 367 234 58 0 0 0 0 12 109 298 398 183 0 0 0 0 17 100 304 394 185 0 0 0 0 15 112 295 400 178 0 0 0 0 16 123 286 391 184 0 0 0 0 8 110 282 384 216 0 0 0 0
12 107 320 380 181 0 0 0 0 62 244 406 231 57 0 0 0 0 16 104 306 383 191 0 0 0 0 18 107 288 400 187 0 0 0 0 15 93 296 428 168 0 0 0 0 13 85 319 386 197 0 0 0 0 13 102 275 407 203 0 0 0 0
15 94 307 376 208 0 0 0 0 65 258 380 239 58 0 0 0 0 14 105 296 385 200 0 0 0 0 9 109 314 376 192 0 0 0 0 12 110 295 389 194 0 0 0 0 12 97 300 388 203 0 0 0 0 11 107 302 384 196 0 0 0 0
13 95 310 374 208 0 0 0 0 69 283 352 248 48 0 0 0 0 14 86 313 380 207 0 0 0 0 11 100 288 396 205 0 0 0 0 10 103 306 393 188 0 0 0 0 17 100 291 393 199 0 0 0 0 12 88 282 418 200 0 0 0 0
11 101 302 370 216 0 0 0 0 63 264 370 244 59 0 0 0 0 10 84 315 377 214 0 0 0 0 17 99 295 406 183 0 0 0 0 14 84 278 418 206 0 0 0 0 10 71 291 426 202 0 0 0 0 14 95 306 393 192 0 0 0 0
12 84 311 370 223 0 0 0 0 58 250 367 258 67 0 0 0 0 4 93 293 391 219 0 0 0 0 14 91 283 411 201 0 0 0 0 10 88 288 406 208 0 0 0 0 7 95 285 399 214 0 0 0 0 12 77 295 410 206 0 0 0 0
14 105 297 375 209 0 0 0 0 65 255 372 241 67 0 0 0 0 8 89 289 400 214 0 0 0 0 15 83 307 400 195 0 0 0 0 6 85 287 424 198 0 0 0 0 8 74 320 385 213 0 0 0 0 15 82 310 385 208 0 0 0 0
10 90 287 411 202 0 0 0 0 64 245 392 242 57 0 0 0 0 11 90 274 418 207 0 0 0 0 10 92 290 402 206 0 0 0 0 10 100 302 388 200 0 0 0 0 12 83 303 409 193 0 0 0 0 10 89 309 406 186 0 0 0 0
11 62 328 393 206 0 0 0 0 75 234 387 229 75 0 0 0 0 8 91 284 413 204 0 0 0 0 11 100 271 384 234 0 0 0 0 10 88 307 374 221 0 0 0 0 19 95 297 402 187 0 0 0 0 6 96 280 395 223 0 0 0 0
11 76 274 432 207 0 0 0 0 55 240 359 273 73 0 0 0 0 6 86 282 406 220 0 0 0 0 11 84 254 397 254 0 0 0 0 12 93 279 404 212 0 0 0 0 7 89 308 384 212 0 0 0 0 16 96 285 395 208 0 0 0 0
11 70 287 416 216 0 0 0 0 63 256 359 247 75 0 0 0 0 10 88 283 400 219 0 0 0 0 6 90 289 402 213 0 0 0 0 5 92 261 418 224 0 0 0 0 16 82 259 432 211 0 0 0 0 14 80 260 424 222 0 0 0 0
8 65 270 432 225 0 0 0 0 54 237 392 248 69 0 0 0 0 3 81 277 408 231 0 0 0 0 16 94 274 407 209 0 0 0 0 10 66 302 405 217 0 0 0 0 12 74 283 397 234 0 0 0 0 11 71 303 384 231 0 0 0 0
8 90 296 387 219 0 0 0 0 52 245 368 258 77 0 0 0 0 5 89 281 428 197 0 0 0 0 10 78 265 424 223 0 0 0 0 6 89 289 376 240 0 0 0 0 13 83 279 391 234 0 0 0 0 8 76 308 405 203 0 0 0 0
5 80 325 386 204 0 0 0 0 55 240 377 262 66 0 0 0 0 7 93 264 407 229 0 0 0 0 10 95 267 408 220 0 0 0 0 12 76 250 441 221 0 0 0 0 13 90 278 383 236 0 0 0 0 12 77 292 398 221 0 0 0 0
14 83 284 397 222 0 0 0 0 60 230 349 288 73 0 0 0 0 6 77 280 411 226 0 0 0 0 6 77 248 410 259 0 0 0 0 9 73 305 392 221 0 0 0 0 3 90 281 414 212 0 0 0 0 12 70 258 412 248 0 0 0 0
11 95 262 409 223 0 0 0 0 50 242 356 281 71 0 0 0 0 10 71 281 409 229 0 0 0 0 7 64 267 397 265 0 0 0 0 7 73 272 416 232 0 0 0 0 7 76 271 406 240 0 0 0 0 14 85 260 412 229 0 0 0 0
11 69 266 407 247 0 0 0 0 56 229 377 267 71 0 0 0 0 7 72 269 402 250 0 0 0 0 8 73 299 392 228 0 0 0 0 9 89 254 411 237 0 0 0 0 8 79 266 399 248 0 0 0 0 6 90 267 401 236 0 0 0 0
10 74 255 433 228 0 0 0 0 47 213 375 290 75 0 0 0 0 6 82 266 411 235 0 0 0 0 5 85 289 400 221 0 0 0 0 10 83 247 425 235 0 0 0 0 4 81 286 412 217 0 0 0 0 12 66 266 415 241 0 0 0 0
6 75 271 412 236 0 0 0 0 54 209 379 281 77 0 0 0 0 11 64 266 409 250 0 0 0 0 16 91 255 384 254 0 0 0 0 11 83 295 372 239 0 0 0 0 8 85 268 399 240 0 0 0 0 7 73 265 421 234 0 0 0 0
3 67 287 398 245 0 0 0 0 39 214 404 270 73 0 0 0 0 7 76 253 427 237 0 0 0 0 6 74 278 406 236 0 0 0 0 11 84 256 397 252 0 0 0 0 9 82 240 408 261 0 0 0 0 8 99 245 398 250 0 0 0 0
2 80 269 400 249 0 0 0 0 57 203 393 276 71 0 0 0 0 7 64 253 430 246 0 0 0 0 4 78 261 416 241 0 0 0 0 4 73 280 387 256 0 0 0 0 9 64 267 423 237 0 0 0 0 8 67 268 411 246 0 0 0 0
6 74 234 430 256 0 0 0 0 37 235 380 265 83 0 0 0 0 9 64 256 427 244 0 0 0 0 4 64 267 395 270 0 0 0 0 7 52 271 440 230 0 0 0 0 14 75 245 445 221 0 0 0 0 2 74 244 440 240 0 0 0 0
10 75 225 441 249 0 0 0 0 41 211 373 297 78 0 0 0 0 7 72 254 401 266 0 0 0 0 5 76 260 406 253 0 0 0 0 5 75 278 404 238 0 0 0 0 9 65 268 421 237 0 0 0 0 9 76 256 404 255 0 0 0 0
6 67 276 381 270 0 0 0 0 48 233 383 272 64 0 0 0 0 4 70 248 419 259 0 0 0 0 10 74 224 417 275 0 0 0 0 9 72 255 392 272 0 0 0 0 8 73 261 392 266 0 0 0 0 5 72 279 390 254 0 0 0 0
4 64 231 444 257 0 0 0 0 43 199 367 306 85 0 0 0 0 7 54 266 418 255 0 0 0 0 10 65 278 427 220 0 0 0 0 5 75 252 428 240 0 0 0 0 4 80 282 395 239 0 0 0 0 4 66 260 426 244 0 0 0 0
8 71 240 420 261 0 0 0 0 47 214 365 278 96 0 0 0 0 6 74 239 444 237 0 0 0 0 5 64 248 437 246 0 0 0 0 7 64 258 407 264 0 0 0 0 6 72 265 411 246 0 0 0 0 10 64 248 413 265 0 0 0 0
4 64 249 420 263 0 0 0 0 39 191 380 292 98 0 0 0 0 7 77 233 406 277 0 0 0 0 3 57 242 438 260 0 0 0 0 6 67 245 424 258 0 0 0 0 4 77 255 398 266 0 0 0 0 5 71 272 407 245 0 0 0 0
5 69 261 413 252 0 0 0 0 46 204 366 300 84 0 0 0 0 6 58 226 419 291 0 0 0 0 6 56 219 416 303 0 0 0 0 6 55 250 417 272 0 0 0 0 8 64 252 397 279 0 0 0 0 9 46 226 452 267 0 0 0 0
4 73 257 413 253 0 0 0 0 38 197 386 288 91 0 0 0 0 7 61 229 424 279 0 0 0 0 8 70 258 407 257 0 0 0 0 5 57 249 415 274 0 0 0 0 4 66 252 412 266 0 0 0 0 7 63 248 400 282 0 0 0 0
4 56 235 435 270 0 0 0 0 45 175 366 314 100 0 0 0 0 7 55 242 408 288 0 0 0 0 7 60 237 399 297 0 0 0 0 4 49 238 410 299 0 0 0 0 8 66 248 410 268 0 0 0 0 5 54 239 436 266 0 0 0 0
8 59 244 405 284 0 0 0 0 24 179 386 325 86 0 0 0 0 4 52 236 411 297 0 0 0 0 9 57 222 419 293 0 0 0 0 4 65 260 398 273 0 0 0 0 9 67 240 397 287 0 0 0 0 7 59 242 459 233 0 0 0 0
8 60 254 412 266 0 0 0 0 43 203 377 309 68 0 0 0 0 3 64 228 436 269 0 0 0 0 5 45 230 414 306 0 0 0 0 5 72 216 416 291 0 0 0 0 4 51 247 392 306 0 0 0 0 0 55 231 409 305 0 0 0 0
8 48 210 424 310 0 0 0 0 50 205 345 307 93 0 0 0 0 4 48 222 432 294 0 0 0 0 4 58 219 446 273 0 0 0 0 5 59 238 428 270 0 0 0 0 7 44 233 442 274 0 0 0 0 6 37 242 423 292 0 0 0 0
1 52 236 422 289 0 0 0 0 36 213 343 331 77 0 0 0 0 3 61 209 433 294 0 0 0 0 7 43 224 422 304 0 0 0 0 7 63 241 400 289 0 0 0 0 5 60 238 423 274 0 0 0 0 4 55 235 425 281 0 0 0 0
8 45 237 422 288 0 0 0 0 33 179 375 302 111 0 0 0 0 6 55 217 436 286 0 0 0 0 5 65 234 419 277 0 0 0 0 2 63 207 435 293 0 0 0 0 4 71 230 403 292 0 0 0 0 7 49 224 432 288 0 0 0 0
4 49 230 446 271 0 0 0 0 39 198 364 300 99 0 0 0 0 5 62 220 416 297 0 0 0 0 5 52 237 417 289 0 0 0 0 7 61 215 410 307 0 0 0 0 7 53 217 398 325 0 0 0 0 7 55 221 440 277 0 0 0 0
5 69 212 436 278 0 0 0 0 34 181 373 305 107 0 0 0 0 5 57 243 372 323 0 0 0 0 6 55 223 436 280 0 0 0 0 3 48 224 439 286 0 0 0 0 2 60 230 429 279 0 0 0 0 4 60 217 426 293 0 0 0 0
4 58 213 425 300 0 0 0 0 30 176 387 324 83 0 0 0 0 6 53 231 410 300 0 0 0 0 5 44 225 446 280 0 0 0 0 4 44 221 426 305 0 0 0 0 2 51 224 442 281 0 0 0 0 2 46 207 424 321 0 0 0 0
5 67 211 401 316 0 0 0 0 40 189 378 305 88 0 0 0 0 10 45 224 418 303 0 0 0 0 5 54 216 422 303 0 0 0 0 3 45 221 410 321 0 0 0 0 4 51 223 420 302 0 0 0 0 6 47 217 411 319 0 0 0 0
4 49 209 431 307 0 0 0 0 29 174 348 325 124 0 0 0 0 5 53 204 441 297 0 0 0 0 2 43 221 429 305 0 0 0 0 3 60 212 414 311 0 0 0 0 4 52 223 418 303 0 0 0 0 8 44 215 413 320 0 0 0 0
0 51 212 430 307 0 0 0 0 24 194 351 318 113 0 0 0 0 3 54 228 399 316 0 0 0 0 1 51 229 426 293 0 0 0 0 7 51 223 417 302 0 0 0 0 5 43 198 420 334 0 0 0 0 3 48 203 414 332 0 0 0 0
1 53 191 458 297 0 0 0 0 33 174 368 317 108 0 0 0 0 5 45 213 430 307 0 0 0 0 1 38 216 454 291 0 0 0 0 7 32 205 399 357 0 0 0 0 4 45 218 433 300 0 0 0 0 3 48 223 440 286 0 0 0 0
1 37 223 411 328 0 0 0 0 21 167 356 336 120 0 0 0 0 7 53 228 414 298 0 0 0 0 3 40 209 433 315 0 0 0 0 7 44 186 447 316 0 0 0 0 1 52 235 429 283 0 0 0 0 6 32 227 438 297 0 0 0 0
6 38 213 436 307 0 0 0 0 29 173 344 326 128 0 0 0 0 1 45 206 413 335 0 0 0 0 3 37 214 425 321 0 0 0 0 3 32 173 461 331 0 0 0 0 3 39 211 413 334 0 0 0 0 3 37 207 436 317 0 0 0 0
4 52 199 425 320 0 0 0 0 29 170 356 334 111 0 0 0 0 7 44 214 416 319 0 0 0 0 1 40 199 446 314 0 0 0 0 2 51 191 411 345 0 0 0 0 5 52 234 395 314 0 0 0 0 2 48 214 396 340 0 0 0 0
2 48 211 410 329 0 0 0 0 31 175 343 326 125 0 0 0 0 2 38 198 433 329 0 0 0 0 1 54 193 446 306 0 0 0 0 7 41 224 406 322 0 0 0 0 4 41 207 430 318 0 0 0 0 2 53 207 415 323 0 0 0 0
5 53 192 425 325 0 0 0 0 36 162 344 327 131 0 0 0 0 3 43 214 439 301 0 0 0 0 4 52 194 420 330 0 0 0 0 6 43 205 419 327 0 0 0 0 1 45 202 427 325 0 0 0 0 8 41 196 419 336 0 0 0 0
3 42 207 397 351 0 0 0 0 24 171 353 329 123 0 0 0 0 3 45 196 446 310 0 0 0 0 6 48 188 414 344 0 0 0 0 1 48 201 411 339 0 0 0 0 4 44 207 425 320 0 0 0 0 1 45 196 409 349 0 0 0 0
5 39 217 416 323 0 0 0 0 29 178 338 333 122 0 0 0 0 7 31 205 423 334 0 0 0 0 5 36 199 425 335 0 0 0 0 3 52 190 423 332 0 0 0 0 5 24 201 435 335 0 0 0 0 1 49 206 416 328 0 0 0 0
3 50 201 408 338 0 0 0 0 19 166 367 322 126 0 0 0 0 4 41 205 431 319 0 0 0 0 1 48 186 433 332 0 0 0 0 1 39 182 449 329 0 0 0 0 2 44 189 417 348 0 0 0 0 4 52 195 406 343 0 0 0 0
7 34 198 434 327 0 0 0 0 32 172 321 359 116 0 0 0 0 7 39 195 434 325 0 0 0 0 3 37 201 434 325 0 0 0 0 8 43 184 415 350 0 0 0 0 4 38 201 415 342 0 0 0 0 7 40 198 434 321 0 0 0 0
6 40 189 436 329 0 0 0 0 36 162 332 351 119 0 0 0 0 3 37 165 440 355 0 0 0 0 1 40 182 414 363 0 0 0 0 1 33 183 436 347 0 0 0 0 1 39 179 407 374 0 0 0 0 3 27 166 461 343 0 0 0 0
8 49 192 401 350 0 0 0 0 27 166 323 355 129 0 0 0 0 2 42 176 419 361 0 0 0 0 3 34 170 441 352 0 0 0 0 1 43 192 425 339 0 0 0 0 1 41 182 429 347 0 0 0 0 3 43 190 426 338 0 0 0 0
2 46 206 425 321 0 0 0 0 26 176 355 321 122 0 0 0 0 0 39 206 401 354 0 0 0 0 2 34 209 421 334 0 0 0 0 2 32 180 433 353 0 0 0 0 2 50 189 410 349 0 0 0 0 1 41 195 441 322 0 0 0 0
3 42 183 424 348 0 0 0 0 25 149 360 352 114 0 0 0 0 2 31 195 423 349 0 0 0 0 3 35 179 424 359 0 0 0 0 2 30 199 414 355 0 0 0 0 2 35 181 430 352 0 0 0 0 4 47 190 386 373 0 0 0 0
4 44 166 437 349 0 0 0 0 30 165 320 346 139 0 0 0 0 1 42 183 405 369 0 0 0 0 3 35 192 413 357 0 0 0 0 1 35 202 419 343 0 0 0 0 2 33 208 391 366 0 0 0 0 1 42 200 405 352 0 0 0 0
2 46 175 419 358 0 0 0 0 23 151 359 355 112 0 0 0 0 0 39 167 414 380 0 0 0 0 1 34 180 437 348 0 0 0 0 3 38 167 417 375 0 0 0 0 2 37 192 405 364 0 0 0 0 0 40 181 407 372 0 0 0 0
2 38 174 439 347 0 0 0 0 31 154 335 349 131 0 0 0 0 2 25 184 423 366 0 0 0 0 1 45 190 387 377 0 0 0 0 4 35 170 406 385 0 0 0 0 1 39 168 399 393 0 0 0 0 2 28 187 424 359 0 0 0 0
2 28 172 435 363 0 0 0 0 27 167 366 301 139 0 0 0 0 3 43 174 417 363 0 0 0 0 1 41 195 395 368 0 0 0 0 0 25 180 421 374 0 0 0 0 2 37 182 395 384 0 0 0 0 0 30 150 433 387 0 0 0 0
2 25 194 418 361 0 0 0 0 24 157 331 354 134 0 0 0 0 0 42 169 428 361 0 0 0 0 3 33 175 405 384 0 0 0 0 4 43 177 407 369 0 0 0 0 1 41 166 419 373 0 0 0 0 2 42 186 430 340 0 0 0 0
2 35 182 403 378 0 0 0 0 18 136 346 368 132 0 0 0 0 6 28 177 428 361 0 0 0 0 2 25 155 443 375 0 0 0 0 1 29 162 411 397 0 0 0 0 5 28 197 405 365 0 0 0 0 2 28 165 418 387 0 0 0 0
2 35 178 410 375 0 0 0 0 30 129 351 345 145 0 0 0 0 2 24 187 419 368 0 0 0 0 2 43 158 409 388 0 0 0 0 3 30 183 394 390 0 0 0 0 3 28 167 445 357 0 0 0 0 3 32 168 397 400 0 0 0 0
2 28 161 464 345 0 0 0 0 19 142 357 332 150 0 0 0 0 4 32 168 423 373 0 0 0 0 1 41 177 435 346 0 0 0 0 2 30 168 418 382 0 0 0 0 1 41 159 412 387 0 0 0 0 4 37 168 405 386 0 0 0 0
2 31 171 422 374 0 0 0 0 21 150 340 351 138 0 0 0 0 1 37 167 411 384 0 0 0 0 1 26 178 380 415 0 0 0 0 1 22 184 417 376 0 0 0 0 2 32 157 437 372 0 0 0 0 3 35 156 453 353 0 0 0 0
1 33 210 387 369 0 0 0 0 17 147 324 366 146 0 0 0 0 4 31 177 391 397 0 0 0 0 1 23 192 405 379 0 0 0 0 2 27 163 413 395 0 0 0 0 2 32 179 415 372 0 0 0 0 2 29 177 416 376 0 0 0 0
4 29 158 427 382 0 0 0 0 19 159 338 349 135 0 0 0 0 1 40 171 404 384 0 0 0 0 2 20 166 427 385 0 0 0 0 0 38 191 400 371 0 0 0 0 0 22 173 445 360 0 0 0 0 2 28 142 400 428 0 0 0 0
1 31 146 413 409 0 0 0 0 25 142 326 365 142 0 0 0 0 1 33 185 431 350 0 0 0 0 5 40 144 401 410 0 0 0 0 2 21 166 429 382 0 0 0 0 0 22 173 446 359 0 0 0 0 5 34 162 433 366 0 0 0 0
2 30 159 400 409 0 0 0 0 29 138 333 357 143 0 0 0 0 1 29 164 415 391 0 0 0 0 2 41 153 398 406 0 0 0 0 0 26 162 416 396 0 0 0 0 2 30 183 383 402 0 0 0 0 2 23 185 413 377 0 0 0 0
3 29 163 422 383 0 0 0 0 16 125 352 361 146 0 0 0 0 4 30 162 426 378 0 0 0 0 2 34 175 409 380 0 0 0 0 3 23 187 413 374 0 0 0 0 3 15 182 392 408 0 0 0 0 3 29 160 416 392 0 0 0 0
1 22 158 392 427 0 0 0 0 21 123 348 350 158 0 0 0 0 2 25 155 405 413 0 0 0 0 3 39 163 411 384 0 0 0 0 4 32 154 429 381 0 0 0 0 0 32 170 400 398 0 0 0 0 4 30 161 418 387 0 0 0 0
2 37 186 406 369 0 0 0 0 14 128 328 376 154 0 0 0 0 3 27 165 415 390 0 0 0 0 0 21 154 413 412 0 0 0 0 0 28 147 399 426 0 0 0 0 2 30 155 399 414 0 0 0 0 1 20 137 420 422 0 0 0 0
3 41 152 409 395 0 0 0 0 14 128 327 385 146 0 0 0 0 2 31 134 425 408 0 0 0 0 1 28 182 401 388 0 0 0 0 2 35 162 388 413 0 0 0 0 2 29 144 414 411 0 0 0 0 1 27 170 395 407 0 0 0 0
3 26 158 421 392 0 0 0 0 20 126 324 369 161 0 0 0 0 3 26 154 420 397 0 0 0 0 1 31 166 411 391 0 0 0 0 2 18 170 418 392 0 0 0 0 2 19 172 417 390 0 0 0 0 1 38 159 433 369 0 0 0 0
3 25 132 435 405 0 0 0 0 15 136 330 365 154 0 0 0 0 0 25 142 397 436 0 0 0 0 0 25 155 411 409 0 0 0 0 0 17 144 390 449 0 0 0 0 2 38 148 414 398 0 0 0 0 3 26 137 411 423 0 0 0 0
2 29 136 407 426 0 0 0 0 18 142 344 338 158 0 0 0 0 0 21 148 418 413 0 0 0 0 1 19 146 414 420 0 0 0 0 1 23 150 409 417 0 0 0 0 2 29 145 408 416 0 0 0 0 3 21 148 421 407 0 0 0 0
1 27 144 418 410 0 0 0 0 25 113 332 361 169 0 0 0 0 1 30 142 404 423 0 0 0 0 1 26 140 397 436 0 0 0 0 2 25 169 402 402 0 0 0 0 3 24 156 408 409 0 0 0 0 0 29 132 449 390 0 0 0 0
1 19 161 422 397 0 0 0 0 18 97 311 402 172 0 0 0 0 1 26 144 420 409 0 0 0 0 0 25 148 420 407 0 0 0 0 1 16 141 423 419 0 0 0 0 1 25 147 408 419 0 0 0 0 1 35 148 422 394 0 0 0 0
1 26 150 412 411 0 0 0 0 18 109 322 384 167 0 0 0 0 2 22 140 413 423 0 0 0 0 1 31 135 415 418 0 0 0 0 4 23 143 412 418 0 0 0 0 2 29 152 389 428 0 0 0 0 0 25 151 374 450 0 0 0 0
0 20 134 440 406 0 0 0 0 10 105 291 420 174 0 0 0 0 1 28 137 399 435 0 0 0 0 0 24 133 424 419 0 0 0 0 0 24 149 407 420 0 0 0 0 0 27 157 385 431 0 0 0 0 2 26 153 383 436 0 0 0 0
0 24 137 435 404 0 0 0 0 16 121 326 378 159 0 0 0 0 1 21 156 403 419 0 0 0 0 2 20 151 408 419 0 0 0 0 1 18 138 401 442 0 0 0 0 2 22 147 391 438 0 0 0 0 1 28 155 406 410 0 0 0 0
3 26 137 403 431 0 0 0 0 16 131 315 375 163 0 0 0 0 2 26 146 376 450 0 0 0 0 4 19 133 429 415 0 0 0 0 4 21 154 421 400 0 0 0 0 1 20 138 415 426 0 0 0 0 0 21 142 408 429 0 0 0 0
0 21 136 428 415 0 0 0 0 15 121 311 362 191 0 0 0 0 1 26 126 398 449 0 0 0 0 1 16 151 411 421 0 0 0 0 2 30 133 418 417 0 0 0 0 2 27 150 385 436 0 0 0 0 2 21 138 390 449 0 0 0 0
2 20 137 422 419 0 0 0 0 17 126 307 386 164 0 0 0 0 1 16 132 408 443 0 0 0 0 1 26 125 369 479 0 0 0 0 1 25 114 412 448 0 0 0 0 1 18 133 410 438 0 0 0 0 0 20 132 417 431 0 0 0 0
3 17 137 398 445 0 0 0 0 15 122 312 378 173 0 0 0 0 1 16 128 419 436 0 0 0 0 2 27 149 411 411 0 0 0 0 1 22 130 396 451 0 0 0 0 3 26 153 358 460 0 0 0 0 1 19 127 370 483 0 0 0 0
3 21 154 384 438 0 0 0 0 5 115 305 388 187 0 0 0 0 1 11 155 379 454 0 0 0 0 2 18 149 384 447 0 0 0 0 1 15 130 404 450 0 0 0 0 2 23 139 393 443 0 0 0 0 0 22 116 404 458 0 0 0 0
0 16 163 411 410 0 0 0 0 15 117 308 375 185 0 0 0 0 3 18 130 391 458 0 0 0 0 1 25 134 404 436 0 0 0 0 1 21 136 417 425 0 0 0 0 1 22 151 430 396 0 0 0 0 0 22 145 388 445 0 0 0 0
1 18 141 394 446 0 0 0 0 19 128 296 361 196 0 0 0 0 0 6 130 414 450 0 0 0 0 1 10 115 426 448 0 0 0 0 1 21 140 367 471 0 0 0 0 0 23 121 408 448 0 0 0 0 1 16 143 375 465 0 0 0 0
0 12 163 387 438 0 0 0 0 15 100 308 405 172 0 0 0 0 2 11 138 379 470 0 0 0 0 1 25 130 425 419 0 0 0 0 0 21 127 412 440 0 0 0 0 2 19 120 443 416 0 0 0 0 1 19 141 398 441 0 0 0 0
0 21 136 400 443 0 0 0 0 13 92 338 394 163 0 0 0 0 0 22 142 389 447 0 0 0 0 0 21 138 413 428 0 0 0 0 1 8 136 403 452 0 0 0 0 0 22 131 404 443 0 0 0 0 3 19 115 397 466 0 0 0 0
1 29 126 402 442 0 0 0 0 14 124 301 392 169 0 0 0 0 2 20 118 378 482 0 0 0 0 0 15 120 379 486 0 0 0 0 0 15 127 393 465 0 0 0 0 1 16 129 386 468 0 0 0 0 0 16 136 387 461 0 0 0 0
0 15 119 376 490 0 0 0 0 11 105 286 401 197 0 0 0 0 0 17 118 406 459 0 0 0 0 3 17 148 388 444 0 0 0 0 0 12 142 392 454 0 0 0 0 3 19 138 407 433 0 0 0 0 3 23 143 381 450 0 0 0 0
1 24 142 401 432 0 0 0 0 15 105 297 401 182 0 0 0 0 0 15 106 409 470 0 0 0 0 2 16 129 370 483 0 0 0 0 0 18 133 424 425 0 0 0 0 1 18 127 402 452 0 0 0 0 0 22 119 366 493 0 0 0 0
0 17 103 396 484 0 0 0 0 20 109 294 392 185 0 0 0 0 1 17 117 391 474 0 0 0 0 2 17 135 417 429 0 0 0 0 3 15 115 376 491 0 0 0 0 2 20 114 404 460 0 0 0 0 0 18 134 405 443 0 0 0 0
1 22 123 363 491 0 0 0 0 27 100 279 409 185 0 0 0 0 0 17 132 388 463 0 0 0 0 0 14 121 396 469 0 0 0 0 0 17 148 383 452 0 0 0 0 0 19 106 402 473 0 0 0 0 0 18 118 372 492 0 0 0 0
1 21 119 394 465 0 0 0 0 16 114 298 397 175 0 0 0 0 0 16 91 403 490 0 0 0 0 0 19 140 383 458 0 0 0 0 0 16 116 427 441 0 0 0 0 3 22 130 374 471 0 0 0 0 0 12 133 387 468 0 0 0 0
1 14 137 377 471 0 0 0 0 8 87 296 421 188 0 0 0 0 1 14 101 376 508 0 0 0 0 1 18 136 375 470 0 0 0 0 2 23 105 393 477 0 0 0 0 0 11 133 408 448 0 0 0 0 1 15 126 405 453 0 0 0 0
1 25 109 389 476 0 0 0 0 16 96 299 401 188 0 0 0 0 0 21 117 383 479 0 0 0 0 1 21 116 363 499 0 0 0 0 2 17 132 407 442 0 0 0 0 2 14 117 374 493 0 0 0 0 1 17 126 394 462 0 0 0 0
1 18 103 383 495 0 0 0 0 12 88 288 388 224 0 0 0 0 1 16 105 407 471 0 0 0 0 0 12 129 384 475 0 0 0 0 0 22 117 372 489 0 0 0 0 0 11 133 384 472 0 0 0 0 0 13 118 402 467 0 0 0 0
0 17 124 381 478 0 0 0 0 11 85 314 399 191 0 0 0 0 0 12 107 390 491 0 0 0 0 0 15 120 388 477 0 0 0 0 2 14 120 381 483 0 0 0 0 1 24 128 369 478 0 0 0 0 0 10 105 383 502 0 0 0 0
1 14 123 379 483 0 0 0 0 9 100 279 408 204 0 0 0 0 1 13 128 391 467 0 0 0 0 2 25 96 363 514 0 0 0 0 0 8 118 401 473 0 0 0 0 0 15 127 387 471 0 0 0 0 0 20 122 370 488 0 0 0 0
0 11 114 414 461 0 0 0 0 12 74 302 428 184 0 0 0 0 0 9 120 406 465 0 0 0 0 0 17 102 378 503 0 0 0 0 1 19 105 375 500 0 0 0 0 1 22 113 391 473 0 0 0 0 0 23 121 396 460 0 0 0 0
0 24 118 377 481 0 0 0 0 12 90 303 408 187 0 0 0 0 0 14 131 401 454 0 0 0 0 0 12 108 368 512 0 0 0 0 1 11 114 386 488 0 0 0 0 2 11 113 399 475 0 0 0 0 0 12 131 377 480 0 0 0 0
0 14 127 371 488 0 0 0 0 9 104 281 399 207 0 0 0 0 2 12 101 378 507 0 0 0 0 0 17 113 377 493 0 0 0 0 0 13 120 383 484 0 0 0 0 3 14 96 381 506 0 0 0 0 2 16 106 357 519 0 0 0 0
2 13 118 355 512 0 0 0 0 14 90 296 404 196 0 0 0 0 0 13 113 373 501 0 0 0 0 0 10 122 421 447 0 0 0 0 0 14 102 374 510 0 0 0 0 2 9 106 392 491 0 0 0 0 0 8 114 396 482 0 0 0 0
0 9 107 371 513 0 0 0 0 5 114 299 390 192 0 0 0 0 2 15 111 345 527 0 0 0 0 0 11 111 370 508 0 0 0 0 1 16 99 368 516 0 0 0 0 0 15 112 404 469 0 0 0 0 1 12 126 349 512 0 0 0 0
0 14 113 371 502 0 0 0 0 10 98 303 364 225 0 0 0 0 1 13 91 380 515 0 0 0 0 0 12 126 380 482 0 0 0 0 1 11 102 385 501 0 0 0 0 1 13 107 367 512 0 0 0 0 0 17 116 349 518 0 0 0 0
1 12 92 381 514 0 0 0 0 15 104 279 376 226 0 0 0 0 1 12 93 383 511 0 0 0 0 0 19 108 376 497 0 0 0 0 3 11 87 362 537 0 0 0 0 1 12 115 394 478 0 0 0 0 2 17 107 375 499 0 0 0 0
1 20 103 371 505 0 0 0 0 10 99 284 414 193 0 0 0 0 2 9 87 392 510 0 0 0 0 0 19 103 341 537 0 0 0 0 1 8 104 356 531 0 0 0 0 1 15 103 364 517 0 0 0 0 2 12 94 408 484 0 0 0 0
0 9 99 385 507 0 0 0 0 11 79 298 409 203 0 0 0 0 0 17 100 384 499 0 0 0 0 0 11 124 366 499 0 0 0 0 1 9 111 371 508 0 0 0 0 2 12 116 356 514 0 0 0 0 0 12 97 381 510 0 0 0 0
1 12 105 378 504 0 0 0 0 9 88 259 426 218 0 0 0 0 0 12 104 408 476 0 0 0 0 2 16 103 371 508 0 0 0 0 1 14 93 367 525 0 0 0 0 1 14 90 374 521 0 0 0 0 0 11 107 397 485 0 0 0 0
2 12 101 393 492 0 0 0 0 12 75 315 395 203 0 0 0 0 1 14 87 383 515 0 0 0 0 2 8 91 387 512 0 0 0 0 1 11 79 394 515 0 0 0 0 0 8 109 359 524 0 0 0 0 0 17 93 364 526 0 0 0 0
0 9 100 390 501 0 0 0 0 10 80 262 411 237 0 0 0 0 0 8 88 360 544 0 0 0 0 0 11 96 377 516 0 0 0 0 0 10 106 346 538 0 0 0 0 0 11 117 358 514 0 0 0 0 0 16 111 359 514 0 0 0 0
0 8 100 377 515 0 0 0 0 6 105 284 389 216 0 0 0 0 0 12 116 393 479 0 0 0 0 1 19 87 348 545 0 0 0 0 1 12 98 362 527 0 0 0 0 0 9 89 397 505 0 0 0 0 2 14 96 375 513 0 0 0 0
0 6 108 375 511 0 0 0 0 13 71 284 413 219 0 0 0 0 0 10 115 336 539 0 0 0 0 0 10 88 371 531 0 0 0 0 1 9 97 365 528 0 0 0 0 1 4 82 407 506 0 0 0 0 0 11 93 364 532 0 0 0 0
2 13 104 341 540 0 0 0 0 11 77 276 417 219 0 0 0 0 0 12 101 372 515 0 0 0 0 0 8 114 344 534 0 0 0 0 1 17 101 398 483 0 0 0 0 1 11 108 371 509 0 0 0 0 0 7 98 368 527 0 0 0 0
0 14 90 367 529 0 0 0 0 11 79 285 410 215 0 0 0 0 1 15 83 357 544 0 0 0 0 0 14 89 324 573 0 0 0 0 0 8 104 375 513 0 0 0 0 0 11 88 353 548 0 0 0 0 0 16 96 338 550 0 0 0 0
1 9 85 374 531 0 0 0 0 16 74 266 403 241 0 0 0 0 0 9 84 376 531 0 0 0 0 0 9 103 363 525 0 0 0 0 1 11 72 401 515 0 0 0 0 0 17 87 354 542 0 0 0 0 1 8 107 363 521 0 0 0 0
2 13 100 341 544 0 0 0 0 9 87 254 423 227 0 0 0 0 1 5 100 361 533 0 0 0 0 0 13 84 381 522 0 0 0 0 1 13 102 361 523 0 0 0 0 1 8 103 328 560 0 0 0 0 0 12 80 377 531 0 0 0 0
0 18 83 383 516 0 0 0 0 6 89 286 422 197 0 0 0 0 0 8 94 376 522 0 0 0 0 0 15 96 369 520 0 0 0 0 0 5 91 366 538 0 0 0 0 1 11 92 364 532 0 0 0 0 1 6 93 364 536 0 0 0 0
0 11 93 366 530 0 0 0 0 13 76 249 419 243 0 0 0 0 1 10 100 372 517 0 0 0 0 0 9 94 370 527 0 0 0 0 0 8 80 394 518 0 0 0 0 0 8 95 369 528 0 0 0 0 1 14 86 375 524 0 0 0 0
0 7 101 369 523 0 0 0 0 7 78 262 431 222 0 0 0 0 0 10 91 343 556 0 0 0 0 1 8 88 368 535 0 0 0 0 0 14 85 359 542 0 0 0 0 2 10 86 353 549 0 0 0 0 1 7 73 344 575 0 0 0 0
0 8 85 374 533 0 0 0 0 9 78 283 407 223 0 0 0 0 0 13 90 348 549 0 0 0 0 0 15 104 358 523 0 0 0 0 1 6 99 385 509 0 0 0 0 0 9 86 360 545 0 0 0 0 0 13 90 362 535 0 0 0 0
0 8 91 367 534 0 0 0 0 11 94 275 408 212 0 0 0 0 0 6 84 348 562 0 0 0 0 0 7 79 364 550 0 0 0 0 1 9 88 358 544 0 0 0 0 0 6 88 368 538 0 0 0 0 2 13 97 334 554 0 0 0 0
1 13 91 351 544 0 0 0 0 10 77 268 414 231 0 0 0 0 0 9 78 333 580 0 0 0 0 0 10 88 353 549 0 0 0 0 1 9 79 405 506 0 0 0 0 0 14 95 358 533 0 0 0 0 1 9 74 361 555 0 0 0 0
1 12 82 375 530 0 0 0 0 3 75 256 413 253 0 0 0 0 1 15 103 379 502 0 0 0 0 0 11 98 344 547 0 0 0 0 1 10 93 354 542 0 0 0 0 1 8 96 365 530 0 0 0 0 0 15 82 388 515 0 0 0 0
0 8 69 339 584 0 0 0 0 6 80 244 420 250 0 0 0 0 2 9 84 355 550 0 0 0 0 1 6 95 348 550 0 0 0 0 0 9 95 326 570 0 0 0 0 0 10 100 347 543 0 0 0 0 1 12 84 351 552 0 0 0 0
0 14 91 341 554 0 0 0 0 7 68 274 431 220 0 0 0 0 1 14 69 384 532 0 0 0 0 1 11 81 352 555 0 0 0 0 1 8 84 372 535 0 0 0 0 0 10 97 355 538 0 0 0 0 0 10 87 403 500 0 0 0 0
0 6 95 361 538 0 0 0 0 10 89 250 423 228 0 0 0 0 1 9 85 365 540 0 0 0 0 0 5 85 366 544 0 0 0 0 0 7 78 362 553 0 0 0 0 0 10 87 365 538 0 0 0 0 1 8 83 362 546 0 0 0 0
2 8 92 341 557 0 0 0 0 9 74 242 435 240 0 0 0 0 0 6 84 341 569 0 0 0 0 0 9 85 381 525 0 0 0 0 0 10 67 353 570 0 0 0 0 1 5 72 344 578 0 0 0 0 0 9 84 344 563 0 0 0 0
0 3 81 344 572 0 0 0 0 14 65 296 411 214 0 0 0 0 0 12 89 344 555 0 0 0 0 0 8 81 355 556 0 0 0 0 1 9 80 332 578 0 0 0 0 0 10 111 333 546 0 0 0 0 1 7 104 336 552 0 0 0 0
1 8 68 362 561 0 0 0 0 12 58 260 424 246 0 0 0 0 0 7 68 346 579 0 0 0 0 0 6 90 359 545 0 0 0 0 0 8 85 340 567 0 0 0 0 0 8 63 371 558 0 0 0 0 0 9 78 353 560 0 0 0 0
0 4 76 334 586 0 0 0 0 3 70 256 425 246 0 0 0 0 0 11 74 344 571 0 0 0 0 0 7 101 386 506 0 0 0 0 1 11 72 355 561 0 0 0 0 0 6 79 362 553 0 0 0 0 0 7 69 363 561 0 0 0 0
0 8 80 331 581 0 0 0 0 9 59 262 402 268 0 0 0 0 0 16 62 365 557 0 0 0 0 0 7 81 347 565 0 0 0 0 1 6 79 336 578 0 0 0 0 0 5 91 341 563 0 0 0 0 0 10 80 335 575 0 0 0 0
0 6 78 371 545 0 0 0 0 8 54 258 427 253 0 0 0 0 0 7 69 344 580 0 0 0 0 0 10 71 362 557 0 0 0 0 0 6 74 358 562 0 0 0 0 0 4 68 373 555 0 0 0 0 0 5 75 324 596 0 0 0 0
0 3 92 358 547 0 0 0 0 8 75 252 424 241 0 0 0 0 0 8 83 342 567 0 0 0 0 0 4 77 364 555 0 0 0 0 0 6 83 332 579 0 0 0 0 0 5 94 332 569 0 0 0 0 0 7 79 335 579 0 0 0 0
0 8 70 334 588 0 0 0 0 4 68 249 432 247 0 0 0 0 0 7 68 370 555 0 0 0 0 1 10 83 348 558 0 0 0 0 0 8 71 379 542 0 0 0 0 0 14 95 310 581 0 0 0 0 0 7 75 348 570 0 0 0 0
0 8 79 349 564 0 0 0 0 6 63 247 423 261 0 0 0 0 0 9 78 353 560 0 0 0 0 0 8 76 343 573 0 0 0 0 0 15 59 349 577 0 0 0 0 1 8 65 351 575 0 0 0 0 1 7 79 367 546 0 0 0 0
1 4 61 342 592 0 0 0 0 7 70 244 416 263 0 0 0 0 0 11 87 329 573 0 0 0 0 0 6 68 377 549 0 0 0 0 0 10 79 345 566 0 0 0 0 0 9 75 321 595 0 0 0 0 0 8 67 359 566 0 0 0 0
1 10 70 345 574 0 0 0 0 3 76 242 413 266 0 0 0 0 1 8 84 347 560 0 0 0 0 1 6 85 336 572 0 0 0 0 1 6 79 363 551 0 0 0 0 0 7 65 319 609 0 0 0 0 0 6 74 337 583 0 0 0 0
0 5 66 325 604 0 0 0 0 9 61 234 427 269 0 0 0 0 0 7 62 358 573 0 0 0 0 0 11 68 346 575 0 0 0 0 0 9 81 355 555 0 0 0 0 0 5 90 346 559 0 0 0 0 0 3 84 335 578 0 0 0 0
1 7 77 334 581 0 0 0 0 6 66 264 390 274 0 0 0 0 0 8 70 331 591 0 0 0 0 1 6 82 332 579 0 0 0 0 0 8 73 339 580 0 0 0 0 0 7 71 340 582 0 0 0 0 0 9 83 347 561 0 0 0 0
0 5 65 338 592 0 0 0 0 4 62 236 425 273 0 0 0 0 0 6 86 317 591 0 0 0 0 0 10 62 340 588 0 0 0 0 0 6 85 342 567 0 0 0 0 0 7 87 314 592 0 0 0 0 1 7 74 313 605 0 0 0 0
1 8 69 313 609 0 0 0 0 4 59 242 421 274 0 0 0 0 0 5 75 312 608 0 0 0 0 0 5 77 330 588 0 0 0 0 0 7 74 319 600 0 0 0 0 0 6 69 330 595 0 0 0 0 0 7 66 318 609 0 0 0 0
0 10 58 322 610 0 0 0 0 2 55 246 435 262 0 0 0 0 2 8 70 384 536 0 0 0 0 0 4 75 315 606 0 0 0 0 1 5 89 332 573 0 0 0 0 1 4 59 359 577 0 0 0 0 1 8 79 330 582 0 0 0 0
0 5 77 322 596 0 0 0 0 6 63 222 430 279 0 0 0 0 0 4 71 331 594 0 0 0 0 0 8 70 330 592 0 0 0 0 0 6 66 328 600 0 0 0 0 0 7 85 340 568 0 0 0 0 0 5 69 340 586 0 0 0 0
0 5 84 318 593 0 0 0 0 6 55 229 446 264 0 0 0 0 0 6 66 326 602 0 0 0 0 1 4 64 332 599 0 0 0 0 0 7 73 333 587 0 0 0 0 0 6 73 332 589 0 0 0 0 0 6 74 323 597 0 0 0 0
0 10 61 329 600 0 0 0 0 3 51 232 423 291 0 0 0 0 1 7 58 344 590 0 0 0 0 0 12 72 335 581 0 0 0 0 1 7 76 315 601 0 0 0 0 1 11 65 325 598 0 0 0 0 0 10 67 323 600 0 0 0 0
0 6 57 325 612 0 0 0 0 5 64 282 372 277 0 0 0 0 0 6 71 309 614 0 0 0 0 0 9 57 326 608 0 0 0 0 0 9 66 295 630 0 0 0 0 0 6 71 342 581 0 0 0 0 0 3 78 342 577 0 0 0 0
0 8 64 331 597 0 0 0 0 1 53 230 402 314 0 0 0 0 0 4 66 353 577 0 0 0 0 0 6 63 314 617 0 0 0 0 0 7 65 322 606 0 0 0 0 0 6 66 324 604 0 0 0 0 0 6 65 330 599 0 0 0 0
0 9 63 323 605 0 0 0 0 6 51 243 433 267 0 0 0 0 0 5 60 338 597 0 0 0 0 0 8 57 318 617 0 0 0 0 0 5 61 316 618 0 0 0 0 0 7 83 319 591 0 0 0 0 0 6 65 315 614 0 0 0 0
0 5 72 321 602 0 0 0 0 6 52 254 425 263 0 0 0 0 0 6 71 313 610 0 0 0 0 0 3 73 312 612 0 0 0 0 1 6 74 328 591 0 0 0 0 0 7 81 322 590 0 0 0 0 0 8 65 319 608 0 0 0 0
0 4 74 311 611 0 0 0 0 6 57 259 399 279 0 0 0 0 0 5 61 329 605 0 0 0 0 0 5 63 284 648 0 0 0 0 0 2 59 346 593 0 0 0 0 0 5 54 306 635 0 0 0 0 1 4 56 319 620 0 0 0 0
0 5 60 330 605 0 0 0 0 4 54 229 444 269 0 0 0 0 0 4 60 313 623 0 0 0 0 0 5 63 346 586 0 0 0 0 0 5 55 322 618 0 0 0 0 0 3 65 316 616 0 0 0 0 0 7 55 336 602 0 0 0 0
0 3 61 354 582 0 0 0 0 4 56 227 425 288 0 0 0 0 0 3 51 334 612 0 0 0 0 0 4 49 332 615 0 0 0 0 0 4 53 331 612 0 0 0 0 0 5 61 304 630 0 0 0 0 0 4 47 341 608 0 0 0 0
0 7 61 337 595 0 0 0 0 7 67 240 409 277 0 0 0 0 0 6 62 311 621 0 0 0 0 0 3 55 342 600 0 0 0 0 0 4 50 320 626 0 0 0 0 0 7 61 295 637 0 0 0 0 0 6 61 305 628 0 0 0 0
0 4 60 340 596 0 0 0 0 5 62 252 403 278 0 0 0 0 0 2 62 315 621 0 0 0 0 0 6 55 330 609 0 0 0 0 0 7 64 352 577 0 0 0 0 0 4 72 335 589 0 0 0 0 0 3 61 343 593 0 0 0 0
0 4 76 279 641 0 0 0 0 2 56 253 411 278 0 0 0 0 0 5 69 312 614 0 0 0 0 0 10 48 304 638 0 0 0 0 0 6 65 329 600 0 0 0 0 1 6 60 328 605 0 0 0 0 0 3 75 326 596 0 0 0 0
2 3 63 345 587 0 0 0 0 5 66 229 409 291 0 0 0 0 0 4 56 325 615 0 0 0 0 0 7 56 314 623 0 0 0 0 0 4 59 345 592 0 0 0 0 0 2 57 309 632 0 0 0 0 0 10 68 309 613 0 0 0 0
1 3 70 326 600 0 0 0 0 6 52 218 401 323 0 0 0 0 1 2 65 296 636 0 0 0 0 0 5 64 304 627 0 0 0 0 0 3 59 328 610 0 0 0 0 1 6 50 325 618 0 0 0 0 1 6 73 280 640 0 0 0 0
0 5 52 312 631 0 0 0 0 7 59 223 413 298 0 0 0 0 0 3 56 311 630 0 0 0 0 0 4 60 321 615 0 0 0 0 0 5 58 320 617 0 0 0 0 0 2 79 279 640 0 0 0 0 0 3 59 298 640 0 0 0 0
0 7 52 304 637 0 0 0 0 5 40 221 406 328 0 0 0 0 0 0 53 319 628 0 0 0 0 0 4 55 300 641 0 0 0 0 0 4 46 323 627 0 0 0 0 0 5 55 319 621 0 0 0 0 0 5 67 304 624 0 0 0 0
1 2 67 297 633 0 0 0 0 5 58 200 433 304 0 0 0 0 0 4 55 302 639 0 0 0 0 0 5 65 302 628 0 0 0 0 0 4 62 300 634 0 0 0 0 0 7 51 306 636 0 0 0 0 0 3 57 317 623 0 0 0 0
0 8 55 317 620 0 0 0 0 8 50 200 430 312 0 0 0 0 0 7 50 288 655 0 0 0 0 0 4 62 308 626 0 0 0 0 0 5 63 329 603 0 0 0 0 0 5 71 289 635 0 0 0 0 0 10 58 324 608 0 0 0 0
0 4 61 333 602 0 0 0 0 8 49 216 412 315 0 0 0 0 0 5 59 302 634 0 0 0 0 0 5 55 309 631 0 0 0 0 0 5 68 319 608 0 0 0 0 0 3 55 334 608 0 0 0 0 1 4 51 321 623 0 0 0 0
0 9 65 291 635 0 0 0 0 3 52 213 426 306 0 0 0 0 0 7 63 270 660 0 0 0 0 0 5 62 303 630 0 0 0 0 0 3 54 320 623 0 0 0 0 0 5 52 352 591 0 0 0 0 0 5 55 328 612 0 0 0 0
0 3 50 313 634 0 0 0 0 4 51 218 403 324 0 0 0 0 0 4 53 316 627 0 0 0 0 1 2 56 294 647 0 0 0 0 0 3 46 322 629 0 0 0 0 0 8 47 304 641 0 0 0 0 0 3 55 299 643 0 0 0 0
1 4 57 300 638 0 0 0 0 2 50 208 442 298 0 0 0 0 0 5 65 296 634 0 0 0 0 0 5 55 310 630 0 0 0 0 0 2 64 329 605 0 0 0 0 0 5 54 270 671 0 0 0 0 0 10 51 314 625 0 0 0 0
0 4 51 320 625 0 0 0 0 4 46 203 459 288 0 0 0 0 0 2 53 310 635 0 0 0 0 1 5 55 306 633 0 0 0 0 0 3 59 332 606 0 0 0 0 0 2 57 309 632 0 0 0 0 0 4 59 293 644 0 0 0 0
0 4 53 282 661 0 0 0 0 3 53 206 414 324 0 0 0 0 0 3 51 288 658 0 0 0 0 0 2 44 292 662 0 0 0 0 0 7 38 304 651 0 0 0 0 0 9 44 301 646 0 0 0 0 0 4 45 287 664 0 0 0 0
0 3 52 307 638 0 0 0 0 7 48 221 421 303 0 0 0 0 0 1 49 317 633 0 0 0 0 1 4 42 316 637 0 0 0 0 0 4 54 333 609 0 0 0 0 0 3 58 300 639 0 0 0 0 0 3 54 307 636 0 0 0 0
0 5 46 336 613 0 0 0 0 4 49 211 449 287 0 0 0 0 0 5 56 274 665 0 0 0 0 0 3 51 285 661 0 0 0 0 0 0 47 281 672 0 0 0 0 0 2 41 290 667 0 0 0 0 0 1 51 305 643 0 0 0 0
0 6 60 322 612 0 0 0 0 6 41 231 421 301 0 0 0 0 1 2 56 278 663 0 0 0 0 0 5 58 326 611 0 0 0 0 0 3 43 276 678 0 0 0 0 1 5 50 303 641 0 0 0 0 0 2 59 288 651 0 0 0 0
1 9 47 291 652 0 0 0 0 4 43 215 437 301 0 0 0 0 0 1 49 322 628 0 0 0 0 0 1 48 300 651 0 0 0 0 0 7 54 290 649 0 0 0 0 0 6 59 303 632 0 0 0 0 0 4 41 312 643 0 0 0 0
0 5 60 286 649 0 0 0 0 5 50 197 438 310 0 0 0 0 0 7 56 299 638 0 0 0 0 0 1 67 295 637 0 0 0 0 0 4 51 284 661 0 0 0 0 0 3 50 292 655 0 0 0 0 0 3 59 292 646 0 0 0 0
0 4 39 302 655 0 0 0 0 7 56 169 428 340 0 0 0 0 0 1 46 291 662 0 0 0 0 0 3 49 303 645 0 0 0 0 0 3 54 296 647 0 0 0 0 0 5 49 301 645 0 0 0 0 0 4 41 320 635 0 0 0 0
0 4 51 281 664 0 0 0 0 5 42 219 416 318 0 0 0 0 1 1 49 314 635 0 0 0 0 0 4 43 294 659 0 0 0 0 0 3 55 270 672 0 0 0 0 0 0 40 301 659 0 0 0 0 1 4 59 285 651 0 0 0 0
0 6 56 304 634 0 0 0 0 1 31 223 447 298 0 0 0 0 0 2 56 255 687 0 0 0 0 0 2 48 287 663 0 0 0 0 1 3 38 264 694 0 0 0 0 0 3 40 296 661 0 0 0 0 0 5 52 289 654 0 0 0 0
0 2 49 324 625 0 0 0 0 3 46 192 435 324 0 0 0 0 0 1 56 280 663 0 0 0 0 0 1 54 297 648 0 0 0 0 0 2 48 294 656 0 0 0 0 1 2 57 291 649 0 0 0 0 0 2 40 279 679 0 0 0 0
0 5 50 283 662 0 0 0 0 1 48 222 420 309 0 0 0 0 0 4 46 307 643 0 0 0 0 0 6 40 278 676 0 0 0 0 0 3 55 250 692 0 0 0 0 0 0 51 295 654 0 0 0 0 0 6 42 301 651 0 0 0 0
0 5 46 279 670 0 0 0 0 2 53 186 409 350 0 0 0 0 0 4 53 301 642 0 0 0 0 0 2 47 299 652 0 0 0 0 0 3 41 297 659 0 0 0 0 0 2 61 310 627 0 0 0 0 0 4 50 259 687 0 0 0 0
0 4 54 263 679 0 0 0 0 3 54 185 420 338 0 0 0 0 0 3 42 297 658 0 0 0 0 0 3 51 285 661 0 0 0 0 0 3 38 287 672 0 0 0 0 0 7 45 285 663 0 0 0 0 0 3 40 280 677 0 0 0 0
0 2 49 297 652 0 0 0 0 3 44 196 411 346 0 0 0 0 0 6 48 306 640 0 0 0 0 0 4 37 287 672 0 0 0 0 0 3 44 279 674 0 0 0 0 0 4 45 303 648 0 0 0 0 0 4 52 290 654 0 0 0 0
0 4 43 287 666 0 0 0 0 0 35 186 434 345 0 0 0 0 0 4 41 299 656 0 0 0 0 0 2 39 282 677 0 0 0 0 0 4 33 262 701 0 0 0 0 0 1 42 278 679 0 0 0 0 0 5 50 299 646 0 0 0 0
0 5 39 275 681 0 0 0 0 4 46 185 428 337 0 0 0 0 0 5 34 273 688 0 0 0 0 0 3 40 270 687 0 0 0 0 0 0 27 291 682 0 0 0 0 0 2 36 283 679 0 0 0 0 0 2 50 296 652 0 0 0 0
0 5 42 284 669 0 0 0 0 8 36 205 436 315 0 0 0 0 0 1 46 288 665 0 0 0 0 0 3 40 284 673 0 0 0 0 0 3 44 277 676 0 0 0 0 0 4 53 268 675 0 0 0 0 0 1 47 289 663 0 0 0 0
0 1 39 293 667 0 0 0 0 2 38 203 414 343 0 0 0 0 0 4 46 281 669 0 0 0 0 0 8 33 287 672 0 0 0 0 0 3 35 252 710 0 0 0 0 0 2 40 282 676 0 0 0 0 0 3 44 282 671 0 0 0 0
0 3 42 267 688 0 0 0 0 4 45 175 439 337 0 0 0 0 1 1 53 274 671 0 0 0 0 0 2 42 284 672 0 0 0 0 0 6 41 283 670 0 0 0 0 0 2 43 291 664 0 0 0 0 0 6 52 279 663 0 0 0 0
0 3 49 250 698 0 0 0 0 6 27 156 449 362 0 0 0 0 0 3 52 284 661 0 0 0 0 0 3 46 255 696 0 0 0 0 0 0 37 297 666 0 0 0 0 0 2 46 282 670 0 0 0 0 0 3 46 280 671 0 0 0 0
0 6 37 275 682 0 0 0 0 4 42 194 416 344 0 0 0 0 0 1 31 278 690 0 0 0 0 0 2 37 250 711 0 0 0 0 0 3 42 281 674 0 0 0 0 0 3 38 277 682 0 0 0 0 0 0 35 279 686 0 0 0 0
0 1 38 245 716 0 0 0 0 2 39 199 414 346 0 0 0 0 0 2 41 279 678 0 0 0 0 0 4 36 269 691 0 0 0 0 0 1 54 282 663 0 0 0 0 0 6 32 253 709 0 0 0 0 0 3 43 268 686 0 0 0 0
0 4 37 258 701 0 0 0 0 4 37 183 445 331 0 0 0 0 0 3 52 242 703 0 0 0 0 0 3 48 294 655 0 0 0 0 0 3 30 292 675 0 0 0 0 0 1 44 267 688 0 0 0 0 0 1 37 288 674 0 0 0 0
0 2 34 262 702 0 0 0 0 4 34 173 451 338 0 0 0 0 0 0 36 258 706 0 0 0 0 0 3 51 262 684 0 0 0 0 0 1 46 252 701 0 0 0 0 0 2 35 270 693 0 0 0 0 0 0 42 263 695 0 0 0 0
0 0 37 268 695 0 0 0 0 2 36 166 453 343 0 0 0 0 0 1 42 246 711 0 0 0 0 0 5 31 265 699 0 0 0 0 0 2 51 279 668 0 0 0 0 0 3 37 255 705 0 0 0 0 0 3 45 257 695 0 0 0 0
1 4 40 260 695 0 0 0 0 3 37 190 409 361 0 0 0 0 0 3 30 287 680 0 0 0 0 0 2 35 304 659 0 0 0 0 0 3 32 251 714 0 0 0 0 0 1 42 270 687 0 0 0 0 0 3 47 278 672 0 0 0 0
0 4 38 269 689 0 0 0 0 4 41 199 409 347 0 0 0 0 0 2 37 274 687 0 0 0 0 0 3 50 279 668 0 0 0 0 0 3 30 267 700 0 0 0 0 0 2 34 255 709 0 0 0 0 0 3 28 255 714 0 0 0 0
0 1 33 264 702 0 0 0 0 4 33 179 452 332 0 0 0 0 0 3 34 255 708 0 0 0 0 0 3 34 254 709 0 0 0 0 0 1 40 274 685 0 0 0 0 0 4 34 243 719 0 0 0 0 0 0 36 271 693 0 0 0 0
0 4 48 267 681 0 0 0 0 3 42 181 437 337 0 0 0 0 0 5 40 237 718 0 0 0 0 0 2 36 271 691 0 0 0 0 0 3 38 285 674 0 0 0 0 0 2 42 266 690 0 0 0 0 0 2 32 255 711 0 0 0 0
0 2 32 247 719 0 0 0 0 1 35 188 431 345 0 0 0 0 0 0 33 264 703 0 0 0 0 0 3 42 285 670 0 0 0 0 0 7 34 280 679 0 0 0 0 0 0 36 260 704 0 0 0 0 0 2 35 262 701 0 0 0 0
0 5 41 266 688 0 0 0 0 0 29 198 415 358 0 0 0 0 0 2 34 274 690 0 0 0 0 0 4 31 269 696 0 0 0 0 0 2 38 262 698 0 0 0 0 1 2 45 272 680 0 0 0 0 0 3 27 284 686 0 0 0 0
0 0 29 274 697 0 0 0 0 5 32 176 430 357 0 0 0 0 1 3 38 270 688 0 0 0 0 0 3 46 257 694 0 0 0 0 0 1 41 295 663 0 0 0 0 0 3 36 253 708 0 0 0 0 0 1 41 259 699 0 0 0 0
0 0 31 267 702 0 0 0 0 3 33 203 411 350 0 0 0 0 0 6 46 234 714 0 0 0 0 0 2 39 256 703 0 0 0 0 0 1 26 228 745 0 0 0 0 0 1 43 260 696 0 0 0 0 0 4 32 230 734 0 0 0 0
0 3 30 236 731 0 0 0 0 4 35 180 426 355 0 0 0 0 0 1 30 263 706 0 0 0 0 1 2 44 256 697 0 0 0 0 0 1 30 249 720 0 0 0 0 0 2 43 260 695 0 0 0 0 0 4 31 248 717 0 0 0 0
0 2 37 271 690 0 0 0 0 1 34 188 420 357 0 0 0 0 0 1 36 250 713 0 0 0 0 0 1 36 253 710 0 0 0 0 0 1 33 254 712 0 0 0 0 0 1 37 283 679 0 0 0 0 0 2 33 261 704 0 0 0 0
1 2 37 248 712 0 0 0 0 1 40 159 432 368 0 0 0 0 1 4 31 273 691 0 0 0 0 0 3 36 227 734 0 0 0 0 0 2 37 261 700 0 0 0 0 0 2 36 248 714 0 0 0 0 1 3 31 253 712 0 0 0 0
1 2 49 251 697 0 0 0 0 1 44 184 385 386 0 0 0 0 0 6 32 258 704 0 0 0 0 0 1 40 243 716 0 0 0 0 0 4 33 286 677 0 0 0 0 0 0 34 297 669 0 0 0 0 0 2 30 267 701 0 0 0 0
0 1 24 244 731 0 0 0 0 3 36 161 444 356 0 0 0 0 0 1 36 257 706 0 0 0 0 0 1 38 235 726 0 0 0 0 0 1 34 253 712 0 0 0 0 0 3 39 255 703 0 0 0 0 0 2 37 226 735 0 0 0 0
0 3 33 272 692 0 0 0 0 1 36 181 419 363 0 0 0 0 0 1 26 244 729 0 0 0 0 0 2 26 258 714 0 0 0 0 0 1 37 275 687 0 0 0 0 0 3 43 261 693 0 0 0 0 0 3 38 261 698 0 0 0 0
0 3 31 269 697 0 0 0 0 6 27 195 398 374 0 0 0 0 0 3 35 232 730 0 0 0 0 0 2 33 261 704 0 0 0 0 0 2 31 256 711 0 0 0 0 0 2 29 230 739 0 0 0 0 0 2 40 256 702 0 0 0 0
0 5 30 247 718 0 0 0 0 6 18 167 439 370 0 0 0 0 0 5 27 255 713 0 0 0 0 0 6 34 259 701 0 0 0 0 0 2 34 264 700 0 0 0 0 0 1 29 243 727 0 0 0 0 0 1 38 276 685 0 0 0 0
0 1 23 256 720 0 0 0 0 2 28 149 449 372 0 0 0 0 0 2 32 263 703 0 0 0 0 0 3 21 236 740 0 0 0 0 0 2 33 254 711 0 0 0 0 0 2 28 250 720 0 0 0 0 0 0 41 267 692 0 0 0 0
0 1 33 257 709 0 0 0 0 2 31 197 413 357 0 0 0 0 0 3 37 245 715 0 0 0 0 0 0 34 239 727 0 0 0 0 0 3 33 264 700 0 0 0 0 0 4 46 244 706 0 0 0 0 0 2 31 249 718 0 0 0 0
0 3 43 241 713 0 0 0 0 2 37 168 417 376 0 0 0 0 0 2 22 260 716 0 0 0 0 0 0 35 231 734 0 0 0 0 0 2 24 261 713 0 0 0 0 0 2 34 253 711 0 0 0 0 0 2 32 236 730 0 0 0 0
1 1 36 238 724 0 0 0 0 0 27 152 421 400 0 0 0 0 0 1 25 243 731 0 0 0 0 0 4 28 254 714 0 0 0 0 0 2 30 253 715 0 0 0 0 0 0 22 264 714 0 0 0 0 0 0 25 255 720 0 0 0 0
0 2 43 228 727 0 0 0 0 0 35 166 420 379 0 0 0 0 0 2 32 225 741 0 0 0 0 0 2 30 229 739 0 0 0 0 0 1 27 246 726 0 0 0 0 2 2 43 244 709 0 0 0 0 0 2 26 285 687 0 0 0 0
0 1 29 271 699 0 0 0 0 4 29 170 429 368 0 0 0 0 0 4 27 235 734 0 0 0 0 0 2 20 249 729 0 0 0 0 0 1 24 235 740 0 0 0 0 0 0 32 231 737 0 0 0 0 0 0 26 235 739 0 0 0 0
0 3 35 233 729 0 0 0 0 3 29 164 419 385 0 0 0 0 0 1 34 245 720 0 0 0 0 0 4 30 267 699 0 0 0 0 0 2 33 233 732 0 0 0 0 0 0 38 231 731 0 0 0 0 0 0 27 245 728 0 0 0 0
0 3 41 221 735 0 0 0 0 2 32 164 436 366 0 0 0 0 0 1 28 230 741 0 0 0 0 0 2 27 228 743 0 0 0 0 0 2 31 245 722 0 0 0 0 0 0 40 236 724 0 0 0 0 0 0 22 244 734 0 0 0 0
0 1 30 237 732 0 0 0 0 4 34 177 439 346 0 0 0 0 0 3 26 235 736 0 0 0 0 0 1 28 256 715 0 0 0 0 0 0 23 201 776 0 0 0 0 0 1 38 246 715 0 0 0 0 0 1 21 220 758 0 0 0 0
0 1 24 244 731 0 0 0 0 4 23 159 408 406 0 0 0 0 0 3 23 229 745 0 0 0 0 0 1 26 238 735 0 0 0 0 0 1 25 237 737 0 0 0 0 0 0 35 249 716 0 0 0 0 0 4 22 247 727 0 0 0 0
0 1 27 240 732 0 0 0 0 1 30 185 421 363 0 0 0 0 0 2 31 220 747 0 0 0 0 0 3 31 200 766 0 0 0 0 0 4 24 242 730 0 0 0 0 0 2 24 237 737 0 0 0 0 0 2 27 217 754 0 0 0 0
0 0 33 243 724 0 0 0 0 0 25 148 423 404 0 0 0 0 0 1 21 250 728 0 0 0 0 1 1 28 242 728 0 0 0 0 0 2 25 266 707 0 0 0 0 0 1 28 227 744 0 0 0 0 0 4 29 236 731 0 0 0 0
0 2 32 240 726 0 0 0 0 2 22 176 403 397 0 0 0 0 0 2 26 203 769 0 0 0 0 0 3 17 213 767 0 0 0 0 0 1 22 230 747 0 0 0 0 0 2 30 225 743 0 0 0 0 0 2 26 229 743 0 0 0 0
0 1 27 227 745 0 0 0 0 1 29 160 427 383 0 0 0 0 0 0 27 235 738 0 0 0 0 0 0 25 224 751 0 0 0 0 0 2 24 216 758 0 0 0 0 0 2 33 220 745 0 0 0 0 0 2 36 218 744 0 0 0 0
0 2 22 216 760 0 0 0 0 3 21 153 415 408 0 0 0 0 0 4 22 240 734 0 0 0 0 0 1 34 209 756 0 0 0 0 0 1 34 230 735 0 0 0 0 0 0 37 232 731 0 0 0 0 0 0 26 229 745 0 0 0 0
0 2 31 223 744 0 0 0 0 4 31 161 416 388 0 0 0 0 0 1 35 213 751 0 0 0 0 0 0 31 247 722 0 0 0 0 0 1 18 238 743 0 0 0 0 0 2 20 235 743 0 0 0 0 0 1 23 224 752 0 0 0 0
0 1 25 243 731 0 0 0 0 0 16 172 416 396 0 0 0 0 0 3 24 240 733 0 0 0 0 0 2 31 244 723 0 0 0 0 0 1 23 237 739 0 0 0 0 0 1 30 233 736 0 0 0 0 0 1 16 238 745 0 0 0 0
0 0 27 231 742 0 0 0 0 0 24 144 402 430 0 0 0 0 0 2 19 225 754 0 0 0 0 0 1 29 227 743 0 0 0 0 0 0 28 206 766 0 0 0 0 0 2 23 225 750 0 0 0 0 0 2 21 230 747 0 0 0 0
0 3 27 240 730 0 0 0 0 2 22 153 416 407 0 0 0 0 0 3 21 237 739 0 0 0 0 0 0 25 224 751 0 0 0 0 0 3 21 223 753 0 0 0 0 0 2 25 234 739 0 0 0 0 0 0 33 226 741 0 0 0 0
0 3 27 214 756 0 0 0 0 2 33 160 417 388 0 0 0 0 0 3 23 187 787 0 0 0 0 0 2 21 230 747 0 0 0 0 1 3 30 216 750 0 0 0 0 0 3 24 220 753 0 0 0 0 0 1 30 236 733 0 0 0 0
0 2 31 243 724 0 0 0 0 2 23 138 410 427 0 0 0 0 0 3 18 191 788 0 0 0 0 0 0 36 222 742 0 0 0 0 0 1 27 232 740 0 0 0 0 0 3 22 233 742 0 0 0 0 0 0 21 244 735 0 0 0 0
0 0 24 222 754 0 0 0 0 1 21 154 399 425 0 0 0 0 0 1 27 225 747 0 0 0 0 0 5 27 226 742 0 0 0 0 0 1 32 211 756 0 0 0 0 0 2 28 214 756 0 0 0 0 0 1 39 215 745 0 0 0 0
0 0 33 216 751 0 0 0 0 1 36 171 372 420 0 0 0 0 0 1 27 219 753 0 0 0 0 0 0 17 247 736 0 0 0 0 0 2 27 220 751 0 0 0 0 0 4 31 218 747 0 0 0 0 0 0 30 202 768 0 0 0 0
0 3 38 212 747 0 0 0 0 0 20 160 425 395 0 0 0 0 0 1 30 206 763 0 0 0 0 0 0 19 243 738 0 0 0 0 0 2 32 214 752 0 0 0 0 0 0 22 206 772 0 0 0 0 0 0 20 224 756 0 0 0 0
0 3 26 246 725 0 0 0 0 3 21 144 425 407 0 0 0 0 0 0 31 223 746 0 0 0 0 0 0 28 215 757 0 0 0 0 0 2 27 224 747 0 0 0 0 0 3 28 228 741 0 0 0 0 0 0 21 223 756 0 0 0 0
0 0 31 205 764 0 0 0 0 2 20 133 440 405 0 0 0 0 0 0 22 220 758 0 0 0 0 0 0 20 238 742 0 0 0 0 0 1 25 241 733 0 0 0 0 0 0 27 208 765 0 0 0 0 0 2 23 224 751 0 0 0 0
0 0 27 216 757 0 0 0 0 1 26 152 404 417 0 0 0 0 0 1 21 226 752 0 0 0 0 0 2 24 212 762 0 0 0 0 0 1 22 220 757 0 0 0 0 0 0 25 243 732 0 0 0 0 0 2 18 227 753 0 0 0 0
0 0 23 223 754 0 0 0 0 0 16 145 413 426 0 0 0 0 0 0 22 234 744 0 0 0 0 0 2 19 203 776 0 0 0 0 0 1 23 234 742 0 0 0 0 0 0 24 240 736 0 0 0 0 0 1 23 201 775 0 0 0 0
0 0 20 208 772 0 0 0 0 1 23 153 410 413 0 0 0 0 0 2 19 216 763 0 0 0 0 0 0 22 225 753 0 0 0 0 0 1 25 174 800 0 0 0 0 0 1 19 232 748 0 0 0 0 0 1 28 228 743 0 0 0 0
0 1 21 211 767 0 0 0 0 1 25 150 405 419 0 0 0 0 0 0 20 213 767 0 0 0 0 0 3 24 234 739 0 0 0 0 0 0 22 226 752 0 0 0 0 0 0 26 216 758 0 0 0 0 0 0 20 215 765 0 0 0 0
0 0 24 225 751 0 0 0 0 0 14 135 410 441 0 0 0 0 0 1 20 199 780 0 0 0 0 0 2 19 213 766 0 0 0 0 0 1 18 214 767 0 0 0 0 0 1 24 225 750 0 0 0 0 0 1 34 204 761 0 0 0 0
0 0 24 201 775 0 0 0 0 0 26 119 426 429 0 0 0 0 0 1 17 236 746 0 0 0 0 0 1 28 203 768 0 0 0 0 0 0 29 203 768 0 0 0 0 0 2 19 213 766 0 0 0 0 0 1 28 202 769 0 0 0 0
0 1 22 207 770 0 0 0 0 2 28 133 428 409 0 0 0 0 0 1 23 225 751 0 0 0 0 0 1 20 200 779 0 0 0 0 0 0 23 213 764 0 0 0 0 0 0 25 201 774 0 0 0 0 0 0 27 214 759 0 0 0 0
0 0 24 224 752 0 0 0 0 1 17 154 380 448 0 0 0 0 1 1 23 199 776 0 0 0 0 0 1 24 203 772 0 0 0 0 0 1 26 220 753 0 0 0 0 0 0 22 224 754 0 0 0 0 0 1 14 223 762 0 0 0 0
0 0 17 215 768 0 0 0 0 0 19 145 421 415 0 0 0 0 0 2 18 203 777 0 0 0 0 0 0 19 239 742 0 0 0 0 0 1 17 202 780 0 0 0 0 0 2 27 207 764 0 0 0 0 0 0 31 213 756 0 0 0 0
0 1 24 221 754 0 0 0 0 1 20 128 421 430 0 0 0 0 0 1 12 208 779 0 0 0 0 0 1 29 215 755 0 0 0 0 0 0 22 218 760 0 0 0 0 0 2 27 212 759 0 0 0 0 0 0 22 199 779 0 0 0 0
0 1 20 213 766 0 0 0 0 2 26 147 386 439 0 0 0 0 0 2 23 222 753 0 0 0 0 0 0 23 196 781 0 0 0 0 0 0 29 228 743 0 0 0 0 0 2 17 232 749 0 0 0 0 0 1 24 215 760 0 0 0 0
0 0 21 215 764 0 0 0 0 2 24 112 418 444 0 0 0 0 0 2 23 181 794 0 0 0 0 0 1 19 203 777 0 0 0 0 0 1 30 215 754 0 0 0 0 0 1 28 210 761 0 0 0 0 0 1 20 226 753 0 0 0 0
0 2 16 223 759 0 0 0 0 0 21 128 390 461 0 0 0 0 0 0 16 201 783 0 0 0 0 0 0 16 212 772 0 0 0 0 0 2 22 222 754 0 0 0 0 0 0 17 199 784 0 0 0 0 0 2 18 207 773 0 0 0 0
0 0 19 225 756 0 0 0 0 2 19 142 385 452 0 0 0 0 0 0 20 207 773 0 0 0 0 0 0 17 199 784 0 0 0 0 0 0 18 218 764 0 0 0 0 0 2 23 223 752 0 0 0 0 0 2 19 225 754 0 0 0 0
0 3 19 171 807 0 0 0 0 2 22 132 387 457 0 0 0 0 1 1 24 193 781 0 0 0 0 0 0 16 209 775 0 0 0 0 0 0 19 203 778 0 0 0 0 0 2 18 207 773 0 0 0 0 0 2 16 204 778 0 0 0 0
0 0 16 217 767 0 0 0 0 1 21 128 402 448 0 0 0 0 0 0 20 188 792 0 0 0 0 0 1 22 180 797 0 0 0 0 0 0 24 186 790 0 0 0 0 0 1 21 194 784 0 0 0 0 0 1 25 241 733 0 0 0 0
0 0 18 194 788 0 0 0 0 0 22 126 404 448 0 0 0 0 0 1 20 206 773 0 0 0 0 0 1 21 186 792 0 0 0 0 0 1 17 198 784 0 0 0 0 0 1 19 222 758 0 0 0 0 0 0 16 196 788 0 0 0 0
0 0 13 201 786 0 0 0 0 1 29 138 408 424 0 0 0 0 0 2 26 217 755 0 0 0 0 0 1 20 207 772 0 0 0 0 0 0 20 207 773 0 0 0 0 0 2 16 198 784 0 0 0 0 0 0 23 179 798 0 0 0 0
0 2 31 215 752 0 0 0 0 1 24 142 398 435 0 0 0 0 0 4 17 192 787 0 0 0 0 0 0 16 228 756 0 0 0 0 0 3 23 214 760 0 0 0 0 0 0 24 195 781 0 0 0 0 0 0 21 212 767 0 0 0 0
0 1 11 215 773 0 0 0 0 0 18 130 410 442 0 0 0 0 0 1 23 201 775 0 0 0 0 0 1 18 220 761 0 0 0 0 0 0 18 200 782 0 0 0 0 0 0 21 201 778 0 0 0 0 0 2 28 203 767 0 0 0 0
0 0 20 202 778 0 0 0 0 1 15 120 375 489 0 0 0 0 0 0 19 221 760 0 0 0 0 0 0 26 183 791 0 0 0 0 0 2 13 177 808 0 0 0 0 0 0 28 195 777 0 0 0 0 0 1 27 181 791 0 0 0 0
0 0 13 196 791 0 0 0 0 1 18 122 429 430 0 0 0 0 0 2 20 205 773 0 0 0 0 0 2 19 189 790 0 0 0 0 0 0 13 176 811 0 0 0 0 0 1 23 194 782 0 0 0 0 0 1 23 187 789 0 0 0 0
0 0 14 193 793 0 0 0 0 0 19 116 411 454 0 0 0 0 0 2 17 206 775 0 0 0 0 0 1 25 186 788 0 0 0 0 0 0 26 192 782 0 0 0 0 0 2 22 202 774 0 0 0 0 0 1 22 182 795 0 0 0 0
0 1 19 187 793 0 0 0 0 2 19 132 395 452 0 0 0 0 0 1 17 169 813 0 0 0 0 0 1 16 185 798 0 0 0 0 0 1 13 201 785 0 0 0 0 0 1 20 185 794 0 0 0 0 0 1 22 208 769 0 0 0 0
0 1 24 193 782 0 0 0 0 3 20 139 421 417 0 0 0 0 0 1 17 197 785 0 0 0 0 0 0 14 196 790 0 0 0 0 0 1 18 229 752 0 0 0 0 0 1 20 188 791 0 0 0 0 0 0 22 177 801 0 0 0 0
0 0 14 190 796 0 0 0 0 3 18 120 423 436 0 0 0 0 0 1 10 186 803 0 0 0 0 0 1 18 208 773 0 0 0 0 0 0 14 202 784 0 0 0 0 0 4 24 201 771 0 0 0 0 0 0 11 188 801 0 0 0 0
0 1 25 212 762 0 0 0 0 0 22 121 399 458 0 0 0 0 0 0 26 182 792 0 0 0 0 0 1 20 184 795 0 0 0 0 0 0 13 184 803 0 0 0 0 0 1 18 188 793 0 0 0 0 0 2 16 221 761 0 0 0 0
0 0 21 192 787 0 0 0 0 2 17 129 376 476 0 0 0 0 0 0 16 191 793 0 0 0 0 0 0 20 178 802 0 0 0 0 0 1 15 183 801 0 0 0 0 0 1 18 181 800 0 0 0 0 0 0 13 189 798 0 0 0 0
0 0 17 201 782 0 0 0 0 1 20 136 362 481 0 0 0 0 0 0 18 214 768 0 0 0 0 0 0 15 202 783 0 0 0 0 0 0 16 173 811 0 0 0 0 0 0 18 191 791 0 0 0 0 0 1 14 187 798 0 0 0 0
0 0 18 207 775 0 0 0 0 0 12 147 388 453 0 0 0 0 0 4 15 178 803 0 0 0 0 0 0 12 180 808 0 0 0 0 0 0 20 205 775 0 0 0 0 0 1 20 194 785 0 0 0 0 0 0 8 203 789 0 0 0 0
0 0 16 194 790 0 0 0 0 1 16 132 403 448 0 0 0 0 0 0 12 207 781 0 0 0 0 0 0 22 183 795 0 0 0 0 0 1 16 175 808 0 0 0 0 0 0 19 181 800 0 0 0 0 0 0 11 201 788 0 0 0 0
0 1 20 165 814 0 0 0 0 0 20 115 376 489 0 0 0 0 0 1 12 192 795 0 0 0 0 0 1 14 185 800 0 0 0 0 0 0 21 174 805 0 0 0 0 0 0 25 184 791 0 0 0 0 0 0 22 175 803 0 0 0 0
0 0 14 176 810 0 0 0 0 0 18 118 400 464 0 0 0 0 0 1 15 186 798 0 0 0 0 0 0 14 189 797 0 0 0 0 0 0 16 169 815 0 0 0 0 0 0 14 184 802 0 0 0 0 0 0 13 189 798 0 0 0 0
0 0 17 180 803 0 0 0 0 1 17 121 402 459 0 0 0 0 0 1 13 192 794 0 0 0 0 0 2 18 187 793 0 0 0 0 0 0 16 226 758 0 0 0 0 0 2 15 185 798 0 0 0 0 0 0 14 192 794 0 0 0 0
0 0 14 173 813 0 0 0 0 1 10 117 397 475 0 0 0 0 0 0 20 198 782 0 0 0 0 0 0 16 182 802 0 0 0 0 0 1 15 189 795 0 0 0 0 0 1 15 179 805 0 0 0 0 0 0 12 175 813 0 0 0 0
0 1 8 193 798 0 0 0 0 1 19 128 384 468 0 0 0 0 0 0 15 175 810 0 0 0 0 0 2 13 177 808 0 0 0 0 0 0 23 196 781 0 0 0 0 0 0 20 196 784 0 0 0 0 0 0 18 195 787 0 0 0 0
0 0 14 167 819 0 0 0 0 1 20 116 363 500 0 0 0 0 0 0 17 181 802 0 0 0 0 0 0 20 192 788 0 0 0 0 0 1 14 175 810 0 0 0 0 0 1 22 199 778 0 0 0 0 0 1 11 190 798 0 0 0 0
0 0 18 185 797 0 0 0 0 0 20 118 380 482 0 0 0 0 0 1 13 174 812 0 0 0 0 0 1 12 187 800 0 0 0 0 0 1 22 153 824 0 0 0 0 0 0 18 182 800 0 0 0 0 0 0 18 167 815 0 0 0 0
0 0 14 208 778 0 0 0 0 1 14 123 405 457 0 0 0 0 0 0 11 185 804 0 0 0 0 0 0 14 180 806 0 0 0 0 0 0 10 203 787 0 0 0 0 0 0 15 180 805 0 0 0 0 0 0 13 162 825 0 0 0 0
0 0 14 186 800 0 0 0 0 2 23 100 398 477 0 0 0 0 0 1 23 172 804 0 0 0 0 0 0 17 192 791 0 0 0 0 0 1 14 197 788 0 0 0 0 0 1 14 174 811 0 0 0 0 0 0 13 190 797 0 0 0 0
0 0 18 163 819 0 0 0 0 3 11 131 385 470 0 0 0 0 0 0 14 167 819 0 0 0 0 0 0 21 177 802 0 0 0 0 0 0 13 182 805 0 0 0 0 0 0 14 178 808 0 0 0 0 0 1 13 175 811 0 0 0 0
0 0 15 189 796 0 0 0 0 1 14 136 384 465 0 0 0 0 0 1 13 185 801 0 0 0 0 0 0 14 176 810 0 0 0 0 0 1 21 161 817 0 0 0 0 0 0 16 165 819 0 0 0 0 0 0 12 174 814 0 0 0 0
0 0 10 190 800 0 0 0 0 3 13 120 385 479 0 0 0 0 0 0 19 175 806 0 0 0 0 0 0 19 179 802 0 0 0 0 0 1 15 200 784 0 0 0 0 0 0 21 177 802 0 0 0 0 0 0 12 166 822 0 0 0 0
0 1 18 175 806 0 0 0 0 0 14 104 401 481 0 0 0 0 0 1 12 168 819 0 0 0 0 0 0 11 190 799 0 0 0 0 0 1 12 182 805 0 0 0 0 0 2 13 187 798 0 0 0 0 0 0 14 164 822 0 0 0 0
0 1 15 180 804 0 0 0 0 0 15 125 380 480 0 0 0 0 0 0 10 172 818 0 0 0 0 0 1 9 166 824 0 0 0 0 0 0 22 167 811 0 0 0 0 0 1 10 165 824 0 0 0 0 0 0 13 184 803 0 0 0 0
0 0 14 211 775 0 0 0 0 0 9 117 381 493 0 0 0 0 0 1 9 175 815 0 0 0 0 0 3 14 167 816 0 0 0 0 0 0 10 164 826 0 0 0 0 0 0 14 183 803 0 0 0 0 0 1 18 174 807 0 0 0 0
0 0 13 187 800 0 0 0 0 0 17 124 403 456 0 0 0 0 0 1 11 178 810 0 0 0 0 0 0 9 171 820 0 0 0 0 0 2 15 177 806 0 0 0 0 0 1 18 189 792 0 0 0 0 0 0 15 187 798 0 0 0 0
0 1 10 174 815 0 0 0 0 1 14 114 360 511 0 0 0 0 0 0 18 173 809 0 0 0 0 0 2 9 200 789 0 0 0 0 0 0 14 164 822 0 0 0 0 0 1 15 190 794 0 0 0 0 0 1 13 160 826 0 0 0 0
1 1 15 178 805 0 0 0 0 2 13 115 381 489 0 0 0 0 0 0 13 188 799 0 0 0 0 0 0 10 148 842 0 0 0 0 0 0 20 180 800 0 0 0 0 0 1 12 173 814 0 0 0 0 0 0 17 147 836 0 0 0 0
0 0 20 177 803 0 0 0 0 2 13 116 356 513 0 0 0 0 0 1 10 155 834 0 0 0 0 0 2 13 157 828 0 0 0 0 0 0 17 162 821 0 0 0 0 0 0 16 144 840 0 0 0 0 0 1 11 190 798 0 0 0 0
0 0 13 192 795 0 0 0 0 2 21 110 372 495 0 0 0 0 0 0 13 158 829 0 0 0 0 0 0 16 166 818 0 0 0 0 0 0 12 192 796 0 0 0 0 0 1 11 159 829 0 0 0 0 0 0 9 147 844 0 0 0 0
0 0 12 155 833 0 0 0 0 2 16 118 369 495 0 0 0 0 0 0 13 165 822 0 0 0 0 0 1 15 176 808 0 0 0 0 0 1 15 166 818 0 0 0 0 0 1 11 180 808 0 0 0 0 0 1 9 154 836 0 0 0 0
0 1 15 146 838 0 0 0 0 2 12 96 415 475 0 0 0 0 0 1 10 179 810 0 0 0 0 0 0 17 174 809 0 0 0 0 0 2 11 189 798 0 0 0 0 0 0 13 164 823 0 0 0 0 0 0 6 152 842 0 0 0 0
0 3 13 172 812 0 0 0 0 1 18 120 397 464 0 0 0 0 0 0 8 170 822 0 0 0 0 0 3 9 193 795 0 0 0 0 0 0 14 149 837 0 0 0 0 0 1 11 160 828 0 0 0 0 0 0 16 173 811 0 0 0 0
0 0 8 153 839 0 0 0 0 1 13 98 396 492 0 0 0 0 0 0 12 166 822 0 0 0 0 0 1 10 163 826 0 0 0 0 0 1 14 158 827 0 0 0 0 0 0 14 172 814 0 0 0 0 0 0 12 155 833 0 0 0 0
0 0 9 164 827 0 0 0 0 0 14 111 365 510 0 0 0 0 0 1 11 165 823 0 0 0 0 0 2 14 159 825 0 0 0 0 0 0 9 166 825 0 0 0 0 0 0 22 146 832 0 0 0 0 0 1 13 158 828 0 0 0 0
0 0 11 155 834 0 0 0 0 0 12 122 357 509 0 0 0 0 0 4 6 165 825 0 0 0 0 0 0 13 153 834 0 0 0 0 0 0 15 156 829 0 0 0 0 0 0 9 156 835 0 0 0 0 0 0 10 174 816 0 0 0 0
0 0 14 169 817 0 0 0 0 0 15 114 353 518 0 0 0 0 0 0 14 156 830 0 0 0 0 0 0 14 150 836 0 0 0 0 0 0 6 160 834 0 0 0 0 0 0 21 169 810 0 0 0 0 0 1 11 182 806 0 0 0 0
0 0 10 161 829 0 0 0 0 0 13 103 369 515 0 0 0 0 0 0 15 163 822 0 0 0 0 0 0 10 157 833 0 0 0 0 0 0 12 153 835 0 0 0 0 0 0 15 166 819 0 0 0 0 0 0 11 171 818 0 0 0 0
0 0 14 185 801 0 0 0 0 1 7 108 382 502 0 0 0 0 0 1 14 162 823 0 0 0 0 0 1 10 145 844 0 0 0 0 0 0 9 179 812 0 0 0 0 0 0 11 156 833 0 0 0 0 0 0 9 160 831 0 0 0 0
0 0 11 158 831 0 0 0 0 0 8 98 355 539 0 0 0 0 0 1 12 165 822 0 0 0 0 0 0 8 156 836 0 0 0 0 0 0 11 153 836 0 0 0 0 0 0 13 163 824 0 0 0 0 0 0 15 146 839 0 0 0 0
0 0 13 191 796 0 0 0 0 0 16 124 355 505 0 0 0 0 0 0 11 146 843 0 0 0 0 0 1 15 162 822 0 0 0 0 0 0 17 153 830 0 0 0 0 0 0 7 156 837 0 0 0 0 0 0 15 148 837 0 0 0 0
0 0 14 146 840 0 0 0 0 1 6 100 382 511 0 0 0 0 0 0 11 157 832 0 0 0 0 0 0 16 151 833 0 0 0 0 0 1 11 139 849 0 0 0 0 0 0 10 153 837 0 0 0 0 0 0 11 165 824 0 0 0 0
0 1 13 161 825 0 0 0 0 0 12 99 372 517 0 0 0 0 0 0 11 159 830 0 0 0 0 0 0 10 166 824 0 0 0 0 0 1 19 138 842 0 0 0 0 0 0 13 150 837 0 0 0 0 0 0 11 150 839 0 0 0 0
0 0 9 170 821 0 0 0 0 2 8 118 364 508 0 0 0 0 0 0 20 172 808 0 0 0 0 0 1 9 188 802 0 0 0 0 0 1 9 145 845 0 0 0 0 0 0 11 153 836 0 0 0 0 0 1 12 169 818 0 0 0 0
0 1 9 167 823 0 0 0 0 1 11 99 378 511 0 0 0 0 0 0 21 136 843 0 0 0 0 0 0 14 163 823 0 0 0 0 0 0 2 168 830 0 0 0 0 0 0 13 160 827 0 0 0 0 0 1 8 140 851 0 0 0 0
0 0 13 161 826 0 0 0 0 1 14 119 355 511 0 0 0 0 0 0 17 157 826 0 0 0 0 0 0 14 150 836 0 0 0 0 0 0 14 148 838 0 0 0 0 0 0 7 148 845 0 0 0 0 0 0 17 151 832 0 0 0 0
0 0 9 157 834 0 0 0 0 0 10 119 350 521 0 0 0 0 0 0 8 136 856 0 0 0 0 0 0 10 158 832 0 0 0 0 0 0 12 134 854 0 0 0 0 0 0 19 158 823 0 0 0 0 0 0 12 161 827 0 0 0 0
0 0 9 153 838 0 0 0 0 1 10 93 405 491 0 0 0 0 0 0 5 158 837 0 0 0 0 0 0 15 148 837 0 0 0 0 0 0 11 147 842 0 0 0 0 0 0 11 141 848 0 0 0 0 0 0 9 134 857 0 0 0 0
0 0 14 141 845 0 0 0 0 1 8 107 372 512 0 0 0 0 0 1 7 146 846 0 0 0 0 0 0 7 155 838 0 0 0 0 0 1 15 137 847 0 0 0 0 0 0 9 157 834 0 0 0 0 0 1 8 135 856 0 0 0 0
0 0 8 139 853 0 0 0 0 1 11 105 357 526 0 0 0 0 0 0 10 165 825 0 0 0 0 0 0 11 154 835 0 0 0 0 0 0 11 166 823 0 0 0 0 0 1 11 140 848 0 0 0 0 0 0 14 152 834 0 0 0 0
0 0 11 159 830 0 0 0 0 0 19 97 356 528 0 0 0 0 0 0 10 163 827 0 0 0 0 0 2 11 153 834 0 0 0 0 0 1 6 169 824 0 0 0 0 0 0 4 149 847 0 0 0 0 1 0 3 150 846 0 0 0 0
0 0 8 142 850 0 0 0 0 1 7 86 361 545 0 0 0 0 0 0 12 149 839 0 0 0 0 0 0 9 149 842 0 0 0 0 0 2 10 130 858 0 0 0 0 0 1 17 128 854 0 0 0 0 0 0 6 162 832 0 0 0 0
0 1 11 149 839 0 0 0 0 0 9 96 371 524 0 0 0 0 0 0 11 163 826 0 0 0 0 0 0 12 153 835 0 0 0 0 0 0 5 165 830 0 0 0 0 0 1 9 169 821 0 0 0 0 0 1 11 132 856 0 0 0 0
0 0 12 151 837 0 0 0 0 0 11 90 380 519 0 0 0 0 0 0 7 162 831 0 0 0 0 0 0 7 150 843 0 0 0 0 0 0 12 139 849 0 0 0 0 0 0 13 153 834 0 0 0 0 0 1 11 134 854 0 0 0 0
0 0 11 141 848 0 0 0 0 0 6 76 387 531 0 0 0 0 0 0 8 136 856 0 0 0 0 0 0 10 157 833 0 0 0 0 0 0 10 155 835 0 0 0 0 0 0 8 142 850 0 0 0 0 0 0 11 156 833 0 0 0 0
0 0 11 163 826 0 0 0 0 1 6 96 354 543 0 0 0 0 0 1 13 158 828 0 0 0 0 0 1 11 140 848 0 0 0 0 0 1 8 163 828 0 0 0 0 0 0 10 166 824 0 0 0 0 0 0 11 141 848 0 0 0 0
0 0 14 138 848 0 0 0 0 0 14 106 349 531 0 0 0 0 0 0 11 120 869 0 0 0 0 0 0 9 148 843 0 0 0 0 0 0 11 135 854 0 0 0 0 0 1 10 140 849 0 0 0 0 0 0 15 134 851 0 0 0 0
0 0 9 156 835 0 0 0 0 1 11 113 355 520 0 0 0 0 0 0 5 153 842 0 0 0 0 0 0 8 155 837 0 0 0 0 0 0 6 150 844 0 0 0 0 0 0 10 152 838 0 0 0 0 0 0 9 144 847 0 0 0 0
0 0 5 153 842 0 0 0 0 2 6 99 370 523 0 0 0 0 0 1 10 151 838 0 0 0 0 0 0 6 165 829 0 0 0 0 0 1 3 154 842 0 0 0 0 0 0 11 142 847 0 0 0 0 0 0 10 142 848 0 0 0 0
0 0 12 144 844 0 0 0 0 0 18 82 377 523 0 0 0 0 0 0 7 131 862 0 0 0 0 0 0 10 144 846 0 0 0 0 0 0 7 137 856 0 0 0 0 0 0 10 143 847 0 0 0 0 0 1 13 145 841 0 0 0 0
0 1 7 146 846 0 0 0 0 1 14 90 361 534 0 0 0 0 0 0 4 152 844 0 0 0 0 0 0 6 130 864 0 0 0 0 0 0 6 130 864 0 0 0 0 0 1 5 132 862 0 0 0 0 0 0 8 146 846 0 0 0 0
0 0 9 160 831 0 0 0 0 0 6 107 368 519 0 0 0 0 0 1 10 151 838 0 0 0 0 0 1 10 140 849 0 0 0 0 0 0 5 149 846 0 0 0 0 0 2 7 155 836 0 0 0 0 0 0 5 148 847 0 0 0 0
0 0 12 149 839 0 0 0 0 0 9 78 381 532 0 0 0 0 0 0 8 131 861 0 0 0 0 0 0 12 145 843 0 0 0 0 0 0 5 157 838 0 0 0 0 0 0 7 156 837 0 0 0 0 0 0 13 141 846 0 0 0 0
0 0 8 138 854 0 0 0 0 1 15 102 363 519 0 0 0 0 0 0 5 129 866 0 0 0 0 0 0 9 132 859 0 0 0 0 0 0 5 130 865 0 0 0 0 0 1 7 137 855 0 0 0 0 0 0 8 146 846 0 0 0 0
0 0 5 166 829 0 0 0 0 1 14 81 363 541 0 0 0 0 0 0 6 148 846 0 0 0 0 0 0 9 147 844 0 0 0 0 0 0 6 123 871 0 0 0 0 0 0 12 135 853 0 0 0 0 0 0 8 124 868 0 0 0 0
0 0 5 123 872 0 0 0 0 0 8 110 362 520 0 0 0 0 0 0 7 108 885 0 0 0 0 0 1 9 136 854 0 0 0 0 0 1 9 154 836 0 0 0 0 0 1 9 142 848 0 0 0 0 0 0 7 146 847 0 0 0 0
0 1 10 138 851 0 0 0 0 0 6 88 367 539 0 0 0 0 0 0 7 133 860 0 0 0 0 0 0 11 131 858 0 0 0 0 0 1 8 150 841 0 0 0 0 0 0 8 135 857 0 0 0 0 0 0 10 126 864 0 0 0 0
0 1 14 167 818 0 0 0 0 1 11 104 363 521 0 0 0 0 0 0 9 143 848 0 0 0 0 0 1 8 152 839 0 0 0 0 0 1 8 139 852 0 0 0 0 0 0 5 126 869 0 0 0 0 0 0 4 131 865 0 0 0 0
0 0 8 135 857 0 0 0 0 0 4 95 357 544 0 0 0 0 0 0 8 133 859 0 0 0 0 0 1 8 130 861 0 0 0 0 0 0 9 130 861 0 0 0 0 0 0 7 127 866 0 0 0 0 0 1 10 150 839 0 0 0 0
0 1 9 141 849 0 0 0 0 0 10 93 359 538 0 0 0 0 0 2 8 135 855 0 0 0 0 0 0 10 127 863 0 0 0 0 0 0 6 134 860 0 0 0 0 0 0 6 136 858 0 0 0 0 0 1 10 144 845 0 0 0 0
0 0 6 131 863 0 0 0 0 1 7 92 369 531 0 0 0 0 0 1 12 122 865 0 0 0 0 0 0 8 131 861 0 0 0 0 0 0 5 138 857 0 0 0 0 0 1 5 124 870 0 0 0 0 0 0 8 141 851 0 0 0 0
0 0 5 129 866 0 0 0 0 0 7 91 366 536 0 0 0 0 0 0 6 119 875 0 0 0 0 0 1 4 127 868 0 0 0 0 0 0 10 132 858 0 0 0 0 0 0 6 126 868 0 0 0 0 0 0 8 132 860 0 0 0 0
0 0 5 137 858 0 0 0 0 1 7 93 363 536 0 0 0 0 0 0 5 147 848 0 0 0 0 0 0 7 144 849 0 0 0 0 0 0 9 121 870 0 0 0 0 0 1 11 133 855 0 0 0 0 0 0 7 128 865 0 0 0 0
0 0 10 141 849 0 0 0 0 1 8 90 360 541 0 0 0 0 0 0 8 118 874 0 0 0 0 0 0 5 136 859 0 0 0 0 0 0 8 129 863 0 0 0 0 0 0 8 127 865 0 0 0 0 0 0 5 122 873 0 0 0 0
0 0 6 134 860 0 0 0 0 1 7 79 335 578 0 0 0 0 0 0 7 139 854 0 0 0 0 0 1 11 139 849 0 0 0 0 0 0 7 135 858 0 0 0 0 0 0 13 133 854 0 0 0 0 0 0 7 130 863 0 0 0 0
0 0 11 131 858 0 0 0 0 0 7 72 361 560 0 0 0 0 0 0 7 131 862 0 0 0 0 0 0 4 136 860 0 0 0 0 0 0 2 120 878 0 0 0 0 0 0 5 144 851 0 0 0 0 0 0 9 138 853 0 0 0 0
0 0 9 133 858 0 0 0 0 1 6 91 340 562 0 0 0 0 0 0 6 114 880 0 0 0 0 0 0 9 154 837 0 0 0 0 0 1 5 104 890 0 0 0 0 0 0 12 138 850 0 0 0 0 0 0 5 123 872 0 0 0 0
0 1 5 126 868 0 0 0 0 0 9 85 369 537 0 0 0 0 0 1 5 122 872 0 0 0 0 0 0 6 143 851 0 0 0 0 0 0 7 123 870 0 0 0 0 0 0 7 113 880 0 0 0 0 0 0 9 125 866 0 0 0 0
0 1 11 140 848 0 0 0 0 0 16 85 326 573 0 0 0 0 0 1 7 104 888 0 0 0 0 0 1 5 122 872 0 0 0 0 0 1 10 126 863 0 0 0 0 0 0 10 140 850 0 0 0 0 0 0 3 132 865 0 0 0 0
0 1 7 135 857 0 0 0 0 1 10 92 328 569 0 0 0 0 0 0 11 130 859 0 0 0 0 0 0 6 133 861 0 0 0 0 0 0 8 131 861 0 0 0 0 0 0 7 138 855 0 0 0 0 0 1 2 130 867 0 0 0 0
0 0 6 134 860 0 0 0 0 0 9 77 368 546 0 0 0 0 0 2 6 134 858 0 0 0 0 0 0 6 130 864 0 0 0 0 0 0 10 117 873 0 0 0 0 0 0 6 138 856 0 0 0 0 0 0 11 119 870 0 0 0 0
0 1 6 121 872 0 0 0 0 0 9 75 359 557 0 0 0 0 0 0 4 124 872 0 0 0 0 0 0 5 128 867 0 0 0 0 0 0 7 126 867 0 0 0 0 0 0 9 130 861 0 0 0 0 0 0 9 129 862 0 0 0 0
0 0 4 126 870 0 0 0 0 1 6 88 361 544 0 0 0 0 0 0 9 136 855 0 0 0 0 0 0 11 128 861 0 0 0 0 0 0 10 125 865 0 0 0 0 0 0 8 100 892 0 0 0 0 0 0 9 118 873 0 0 0 0
0 0 8 109 883 0 0 0 0 0 8 80 361 551 0 0 0 0 0 0 7 145 848 0 0 0 0 0 0 5 112 883 0 0 0 0 0 0 1 137 862 0 0 0 0 0 0 7 121 872 0 0 0 0 0 0 6 126 868 0 0 0 0
0 0 4 140 856 0 0 0 0 0 11 79 364 546 0 0 0 0 0 1 4 115 880 0 0 0 0 0 0 7 141 852 0 0 0 0 0 0 5 113 882 0 0 0 0 0 0 5 139 856 0 0 0 0 0 0 6 109 885 0 0 0 0
0 0 6 117 877 0 0 0 0 0 9 76 338 577 0 0 0 0 0 0 5 148 847 0 0 0 0 0 0 7 121 872 0 0 0 0 0 0 9 111 880 0 0 0 0 0 0 13 119 868 0 0 0 0 0 1 7 137 855 0 0 0 0
0 0 3 116 881 0 0 0 0 0 7 105 354 534 0 0 0 0 0 0 4 117 879 0 0 0 0 0 0 4 115 881 0 0 0 0 0 0 8 135 857 0 0 0 0 0 0 4 129 867 0 0 0 0 0 0 4 113 883 0 0 0 0
0 0 7 109 884 0 0 0 0 0 5 76 349 570 0 0 0 0 0 0 10 106 884 0 0 0 0 0 0 10 139 851 0 0 0 0 0 0 5 112 883 0 0 0 0 0 0 7 113 880 0 0 0 0 0 0 6 121 873 0 0 0 0
0 0 2 112 886 0 0 0 0 0 4 81 363 552 0 0 0 0 0 0 5 114 881 0 0 0 0 0 0 11 119 870 0 0 0 0 0 0 6 124 870 0 0 0 0 0 0 7 117 876 0 0 0 0 0 0 2 123 875 0 0 0 0
0 0 6 132 862 0 0 0 0 1 8 65 343 583 0 0 0 0 0 0 13 126 861 0 0 0 0 0 1 4 121 874 0 0 0 0 0 1 4 133 862 0 0 0 0 0 0 3 118 879 0 0 0 0 0 0 7 112 881 0 0 0 0
0 0 5 129 866 0 0 0 0 0 8 81 358 553 0 0 0 0 0 0 7 105 888 0 0 0 0 0 0 11 110 879 0 0 0 0 0 1 7 131 861 0 0 0 0 0 0 2 127 871 0 0 0 0 0 0 7 117 876 0 0 0 0
0 0 7 113 880 0 0 0 0 1 7 89 332 571 0 0 0 0 0 0 5 123 872 0 0 0 0 0 0 3 107 890 0 0 0 0 0 1 7 134 858 0 0 0 0 0 0 7 126 867 0 0 0 0 0 0 6 118 876 0 0 0 0
0 0 8 131 861 0 0 0 0 0 4 84 368 544 0 0 0 0 0 0 1 118 881 0 0 0 0 0 0 5 115 880 0 0 0 0 0 1 3 116 880 0 0 0 0 0 0 3 113 884 0 0 0 0 0 0 6 137 857 0 0 0 0
0 0 12 107 881 0 0 0 0 1 8 77 347 567 0 0 0 0 0 0 2 119 879 0 0 0 0 0 0 3 125 872 0 0 0 0 0 0 10 127 863 0 0 0 0 0 0 8 128 864 0 0 0 0 0 0 3 95 902 0 0 0 0
0 0 5 126 869 0 0 0 0 0 9 68 365 558 0 0 0 0 0 0 7 129 864 0 0 0 0 0 0 6 121 873 0 0 0 0 0 0 3 121 876 0 0 0 0 0 0 12 131 857 0 0 0 0 0 0 9 132 859 0 0 0 0
0 0 7 130 863 0 0 0 0 0 5 97 339 559 0 0 0 0 0 0 5 105 890 0 0 0 0 0 0 5 125 870 0 0 0 0 0 0 7 123 870 0 0 0 0 0 0 4 95 901 0 0 0 0 0 0 4 92 904 0 0 0 0
0 0 5 115 880 0 0 0 0 1 5 65 354 575 0 0 0 0 0 1 10 102 887 0 0 0 0 0 0 8 108 884 0 0 0 0 0 0 3 115 882 0 0 0 0 0 0 3 125 872 0 0 0 0 0 0 7 101 892 0 0 0 0
0 0 2 126 872 0 0 0 0 0 11 79 342 568 0 0 0 0 0 0 8 117 875 0 0 0 0 0 0 8 106 886 0 0 0 0 0 0 7 118 875 0 0 0 0 0 0 4 119 877 0 0 0 0 0 0 6 118 876 0 0 0 0
0 0 6 95 899 0 0 0 0 0 7 73 357 563 0 0 0 0 0 1 5 108 886 0 0 0 0 0 0 9 125 866 0 0 0 0 0 0 8 104 888 0 0 0 0 0 0 5 94 901 0 0 0 0 0 0 5 117 878 0 0 0 0
0 0 7 113 880 0 0 0 0 0 6 69 333 592 0 0 0 0 0 0 4 124 872 0 0 0 0 0 0 8 118 874 0 0 0 0 0 0 4 117 879 0 0 0 0 0 0 6 126 868 0 0 0 0 0 0 6 103 891 0 0 0 0
0 0 5 115 880 0 0 0 0 0 10 79 339 572 0 0 0 0 0 0 3 107 890 0 0 0 0 0 0 4 105 891 0 0 0 0 0 1 7 117 875 0 0 0 0 0 0 7 113 880 0 0 0 0 0 0 4 128 868 0 0 0 0
0 0 11 118 871 0 0 0 0 0 8 86 314 592 0 0 0 0 0 0 4 100 896 0 0 0 0 0 1 11 111 877 0 0 0 0 0 0 6 97 897 0 0 0 0 0 0 4 126 870 0 0 0 0 0 0 3 92 905 0 0 0 0
0 0 5 116 879 0 0 0 0 0 6 68 335 591 0 0 0 0 0 0 3 115 882 0 0 0 0 0 0 4 117 879 0 0 0 0 0 0 6 125 869 0 0 0 0 0 0 8 121 871 0 0 0 0 0 0 3 104 893 0 0 0 0
0 0 3 104 893 0 0 0 0 0 5 84 330 581 0 0 0 0 0 0 5 130 865 0 0 0 0 0 0 11 87 902 0 0 0 0 0 0 6 109 885 0 0 0 0 0 1 3 103 893 0 0 0 0 0 0 2 119 879 0 0 0 0
0 1 9 117 873 0 0 0 0 0 10 82 344 564 0 0 0 0 0 0 6 114 880 0 0 0 0 0 0 7 113 880 0 0 0 0 0 0 3 102 895 0 0 0 0 0 0 4 114 882 0 0 0 0 0 0 7 117 876 0 0 0 0
0 0 5 89 906 0 0 0 0 0 7 69 348 576 0 0 0 0 0 0 5 111 884 0 0 0 0 0 0 1 113 886 0 0 0 0 0 1 9 106 884 0 0 0 0 0 0 6 110 884 0 0 0 0 0 0 3 100 897 0 0 0 0
0 0 3 116 881 0 0 0 0 1 10 80 339 570 0 0 0 0 0 0 5 113 882 0 0 0 0 0 0 5 102 893 0 0 0 0 0 0 9 100 891 0 0 0 0 0 0 7 118 875 0 0 0 0 0 0 4 125 871 0 0 0 0
0 0 2 119 879 0 0 0 0 1 11 89 316 583 0 0 0 0 0 0 4 104 892 0 0 0 0 0 0 10 104 886 0 0 0 0 0 0 4 99 897 0 0 0 0 0 0 5 127 868 0 0 0 0 0 0 6 108 886 0 0 0 0
0 0 7 107 886 0 0 0 0 0 7 67 322 604 0 0 0 0 0 0 3 123 874 0 0 0 0 0 0 4 114 882 0 0 0 0 0 0 4 107 889 0 0 0 0 0 0 2 109 889 0 0 0 0 0 0 2 114 884 0 0 0 0
0 0 2 112 886 0 0 0 0 0 5 61 337 597 0 0 0 0 0 0 2 122 876 0 0 0 0 0 0 3 109 888 0 0 0 0 0 0 2 99 899 0 0 0 0 0 0 2 118 880 0 0 0 0 0 0 2 114 884 0 0 0 0
0 0 5 107 888 0 0 0 0 0 9 74 331 586 0 0 0 0 0 0 5 109 886 0 0 0 0 0 0 6 105 889 0 0 0 0 0 0 5 94 901 0 0 0 0 0 0 8 95 897 0 0 0 0 0 0 4 103 893 0 0 0 0
0 0 6 108 886 0 0 0 0 0 7 74 317 602 0 0 0 0 0 0 5 115 880 0 0 0 0 0 0 7 114 879 0 0 0 0 0 0 6 102 892 0 0 0 0 0 0 6 111 883 0 0 0 0 0 0 5 113 882 0 0 0 0
0 0 4 106 890 0 0 0 0 0 4 71 352 573 0 0 0 0 0 0 6 107 887 0 0 0 0 0 0 6 119 875 0 0 0 0 0 0 3 90 907 0 0 0 0 0 0 4 108 888 0 0 0 0 0 1 5 101 893 0 0 0 0
0 1 7 111 881 0 0 0 0 0 11 61 322 606 0 0 0 0 0 0 5 113 882 0 0 0 0 0 0 6 108 886 0 0 0 0 0 0 2 100 898 0 0 0 0 0 1 9 103 887 0 0 0 0 0 0 6 123 871 0 0 0 0
0 0 3 111 886 0 0 0 0 1 9 64 308 618 0 0 0 0 0 0 2 109 889 0 0 0 0 0 0 3 102 895 0 0 0 0 0 0 4 106 890 0 0 0 0 0 0 1 109 890 0 0 0 0 0 0 2 120 878 0 0 0 0
0 0 6 94 900 0 0 0 0 0 7 59 333 601 0 0 0 0 0 0 5 102 893 0 0 0 0 0 0 5 96 899 0 0 0 0 0 0 1 100 899 0 0 0 0 0 0 3 104 893 0 0 0 0 0 0 4 103 893 0 0 0 0
0 0 3 89 908 0 0 0 0 0 1 71 350 578 0 0 0 0 0 0 3 135 862 0 0 0 0 0 0 5 100 895 0 0 0 0 0 0 5 106 889 0 0 0 0 0 0 5 119 876 0 0 0 0 0 0 4 110 886 0 0 0 0
0 0 4 116 880 0 0 0 0 0 9 55 314 622 0 0 0 0 0 0 4 87 909 0 0 0 0 0 0 4 88 908 0 0 0 0 0 0 8 117 875 0 0 0 0 0 0 1 109 890 0 0 0 0 0 0 5 99 896 0 0 0 0
0 0 4 86 910 0 0 0 0 0 3 66 321 610 0 0 0 0 0 0 6 98 896 0 0 0 0 0 1 5 103 891 0 0 0 0 0 1 2 100 897 0 0 0 0 0 0 5 95 900 0 0 0 0 0 0 4 92 904 0 0 0 0
0 0 7 116 877 0 0 0 0 0 5 78 329 588 0 0 0 0 0 0 4 107 889 0 0 0 0 0 0 2 107 891 0 0 0 0 0 0 5 102 893 0 0 0 0 0 0 6 110 884 0 0 0 0 0 0 2 101 897 0 0 0 0
0 0 5 99 896 0 0 0 0 1 6 75 325 593 0 0 0 0 0 0 6 98 896 0 0 0 0 0 0 3 104 893 0 0 0 0 0 0 7 93 900 0 0 0 0 0 0 5 101 894 0 0 0 0 0 0 5 99 896 0 0 0 0
0 0 3 99 898 0 0 0 0 0 8 66 319 607 0 0 0 0 0 0 3 93 904 0 0 0 0 0 0 2 101 897 0 0 0 0 0 0 4 103 893 0 0 0 0 0 1 3 121 875 0 0 0 0 0 0 5 106 889 0 0 0 0
0 0 6 101 893 0 0 0 0 0 11 55 317 617 0 0 0 0 0 0 11 104 885 0 0 0 0 0 0 2 107 891 0 0 0 0 0 0 4 97 899 0 0 0 0 0 0 4 102 894 0 0 0 0 0 0 8 112 880 0 0 0 0
0 0 5 103 892 0 0 0 0 0 6 62 310 622 0 0 0 0 0 0 2 108 890 0 0 0 0 0 0 5 94 901 0 0 0 0 0 0 4 105 891 0 0 0 0 0 0 6 98 896 0 0 0 0 0 0 5 91 904 0 0 0 0
0 0 5 92 903 0 0 0 0 0 3 61 335 601 0 0 0 0 0 0 6 108 886 0 0 0 0 0 0 2 80 918 0 0 0 0 0 0 2 99 899 0 0 0 0 0 1 2 95 902 0 0 0 0 0 0 2 103 895 0 0 0 0
0 0 4 109 887 0 0 0 0 0 3 69 320 608 0 0 0 0 0 0 8 107 885 0 0 0 0 0 0 3 92 905 0 0 0 0 0 0 6 87 907 0 0 0 0 0 0 2 108 890 0 0 0 0 0 0 6 90 904 0 0 0 0
0 0 6 106 888 0 0 0 0 0 4 62 333 601 0 0 0 0 0 0 4 106 890 0 0 0 0 0 0 13 87 900 0 0 0 0 0 0 8 98 894 0 0 0 0 0 0 6 94 900 0 0 0 0 0 0 10 90 900 0 0 0 0
0 0 3 85 912 0 0 0 0 0 9 53 303 635 0 0 0 0 0 0 5 90 905 0 0 0 0 0 0 6 100 894 0 0 0 0 0 0 5 112 883 0 0 0 0 0 0 4 87 909 0 0 0 0 0 0 5 91 904 0 0 0 0
0 0 6 94 900 0 0 0 0 0 3 54 295 648 0 0 0 0 0 0 3 90 907 0 0 0 0 0 0 5 94 901 0 0 0 0 0 0 2 90 908 0 0 0 0 0 0 1 98 901 0 0 0 0 0 0 5 93 902 0 0 0 0
0 0 1 90 909 0 0 0 0 0 6 66 321 607 0 0 0 0 0 0 6 93 901 0 0 0 0 0 0 0 94 906 0 0 0 0 0 0 1 94 905 0 0 0 0 0 0 0 96 904 0 0 0 0 0 0 2 98 900 0 0 0 0
0 0 4 103 893 0 0 0 0 0 3 70 325 602 0 0 0 0 0 0 3 101 896 0 0 0 0 0 1 10 87 902 0 0 0 0 0 0 7 90 903 0 0 0 0 0 0 3 111 886 0 0 0 0 0 0 1 86 913 0 0 0 0
0 0 5 118 877 0 0 0 0 0 5 62 283 650 0 0 0 0 0 1 1 89 909 0 0 0 0 0 0 1 98 901 0 0 0 0 0 0 4 96 900 0 0 0 0 0 0 3 94 903 0 0 0 0 0 0 5 92 903 0 0 0 0
0 0 3 110 887 0 0 0 0 0 5 60 327 608 0 0 0 0 0 0 6 91 903 0 0 0 0 0 0 1 104 895 0 0 0 0 0 0 8 105 887 0 0 0 0 0 0 3 91 906 0 0 0 0 0 0 3 108 889 0 0 0 0
0 0 4 85 911 0 0 0 0 1 1 59 304 635 0 0 0 0 0 0 4 105 891 0 0 0 0 0 0 3 91 906 0 0 0 0 0 0 2 78 920 0 0 0 0 0 0 2 99 899 0 0 0 0 0 0 1 100 899 0 0 0 0
0 0 4 102 894 0 0 0 0 0 5 55 302 638 0 0 0 0 0 0 2 100 898 0 0 0 0 0 0 5 97 898 0 0 0 0 0 0 1 87 912 0 0 0 0 0 0 5 99 896 0 0 0 0 0 0 2 98 900 0 0 0 0
0 0 6 91 903 0 0 0 0 0 2 62 303 633 0 0 0 0 0 0 3 92 905 0 0 0 0 0 0 8 98 894 0 0 0 0 0 0 9 79 912 0 0 0 0 0 0 11 114 875 0 0 0 0 0 0 3 86 911 0 0 0 0
0 0 5 97 898 0 0 0 0 0 3 63 310 624 0 0 0 0 0 0 5 98 897 0 0 0 0 0 0 5 97 898 0 0 0 0 0 0 5 92 903 0 0 0 0 0 1 3 90 906 0 0 0 0 0 0 6 91 903 0 0 0 0
0 0 3 99 898 0 0 0 0 0 5 77 299 619 0 0 0 0 0 0 0 102 898 0 0 0 0 0 0 3 85 912 0 0 0 0 0 0 1 82 917 0 0 0 0 0 0 7 93 900 0 0 0 0 0 0 7 89 904 0 0 0 0
0 0 6 91 903 0 0 0 0 0 5 52 290 653 0 0 0 0 0 0 2 79 919 0 0 0 0 0 0 2 86 912 0 0 0 0 0 0 0 96 904 0 0 0 0 0 0 3 92 905 0 0 0 0 0 0 2 76 922 0 0 0 0
0 0 5 89 906 0 0 0 0 0 3 46 280 671 0 0 0 0 0 0 9 86 905 0 0 0 0 0 0 5 94 901 0 0 0 0 0 0 2 87 911 0 0 0 0 0 0 3 100 897 0 0 0 0 0 0 5 80 915 0 0 0 0
0 0 3 82 915 0 0 0 0 0 8 53 287 652 0 0 0 0 0 0 4 109 887 0 0 0 0 0 0 1 89 910 0 0 0 0 0 0 0 78 922 0 0 0 0 0 0 3 90 907 0 0 0 0 0 0 4 80 916 0 0 0 0
