992 8 0 0 0 0 0 0 0 991 9 0 0 0 0 0 0 0 989 11 0 0 0 0 0 0 0 993 7 0 0 0 0 0 0 0 994 6 0 0 0 0 0 0 0 992 8 0 0 0 0 0 0 0 994 6 0 0 0 0 0 0 0
935 63 2 0 0 0 0 0 0 957 40 3 0 0 0 0 0 0 958 40 2 0 0 0 0 0 0 946 53 1 0 0 0 0 0 0 946 54 0 0 0 0 0 0 0 944 54 2 0 0 0 0 0 0 943 55 2 0 0 0 0 0 0
929 69 2 0 0 0 0 0 0 920 77 3 0 0 0 0 0 0 931 66 3 0 0 0 0 0 0 917 79 4 0 0 0 0 0 0 901 95 4 0 0 0 0 0 0 930 69 1 0 0 0 0 0 0 920 79 1 0 0 0 0 0 0
934 65 1 0 0 0 0 0 0 927 68 5 0 0 0 0 0 0 931 67 2 0 0 0 0 0 0 921 75 4 0 0 0 0 0 0 939 60 1 0 0 0 0 0 0 923 74 3 0 0 0 0 0 0 931 68 1 0 0 0 0 0 0
846 147 7 0 0 0 0 0 0 837 148 15 0 0 0 0 0 0 854 134 12 0 0 0 0 0 0 868 120 12 0 0 0 0 0 0 860 134 6 0 0 0 0 0 0 857 131 12 0 0 0 0 0 0 844 146 9 1 0 0 0 0 0
804 180 15 1 0 0 0 0 0 788 199 13 0 0 0 0 0 0 787 200 11 2 0 0 0 0 0 780 197 22 1 0 0 0 0 0 787 197 16 0 0 0 0 0 0 799 185 15 1 0 0 0 0 0 795 189 15 1 0 0 0 0 0
771 212 16 1 0 0 0 0 0 766 219 15 0 0 0 0 0 0 797 185 18 0 0 0 0 0 0 771 211 17 1 0 0 0 0 0 775 208 17 0 0 0 0 0 0 793 188 18 1 0 0 0 0 0 795 190 14 1 0 0 0 0 0
693 270 35 2 0 0 0 0 0 708 257 33 2 0 0 0 0 0 687 275 38 0 0 0 0 0 0 722 243 35 0 0 0 0 0 0 703 252 45 0 0 0 0 0 0 701 266 31 2 0 0 0 0 0 691 272 36 1 0 0 0 0 0
647 297 55 1 0 0 0 0 0 602 312 83 3 0 0 0 0 0 619 328 50 3 0 0 0 0 0 633 318 45 4 0 0 0 0 0 642 295 61 2 0 0 0 0 0 635 316 48 1 0 0 0 0 0 618 320 60 2 0 0 0 0 0
563 345 88 4 0 0 0 0 0 583 339 76 2 0 0 0 0 0 611 316 68 5 0 0 0 0 0 593 336 63 8 0 0 0 0 0 606 332 56 6 0 0 0 0 0 579 348 68 5 0 0 0 0 0 568 349 80 3 0 0 0 0 0
547 360 85 8 0 0 0 0 0 546 373 74 7 0 0 0 0 0 549 352 88 11 0 0 0 0 0 547 341 101 11 0 0 0 0 0 510 388 96 6 0 0 0 0 0 543 342 99 16 0 0 0 0 0 530 366 93 11 0 0 0 0 0
467 388 129 16 0 0 0 0 0 485 376 124 15 0 0 0 0 0 461 392 138 9 0 0 0 0 0 477 402 108 13 0 0 0 0 0 452 385 142 21 0 0 0 0 0 456 399 133 12 0 0 0 0 0 469 382 132 17 0 0 0 0 0
456 419 114 11 0 0 0 0 0 444 413 130 13 0 0 0 0 0 443 415 133 9 0 0 0 0 0 458 371 153 18 0 0 0 0 0 425 439 119 17 0 0 0 0 0 423 426 134 17 0 0 0 0 0 436 396 151 17 0 0 0 0 0
388 433 156 23 0 0 0 0 0 404 418 159 19 0 0 0 0 0 391 430 161 18 0 0 0 0 0 408 430 141 21 0 0 0 0 0 404 438 144 14 0 0 0 0 0 408 423 148 21 0 0 0 0 0 408 421 152 19 0 0 0 0 0
348 439 189 24 0 0 0 0 0 352 438 175 35 0 0 0 0 0 351 452 170 27 0 0 0 0 0 325 469 175 31 0 0 0 0 0 361 452 166 21 0 0 0 0 0 350 443 185 22 0 0 0 0 0 342 430 185 43 0 0 0 0 0
321 425 211 43 0 0 0 0 0 295 447 216 42 0 0 0 0 0 303 427 236 34 0 0 0 0 0 304 423 236 37 0 0 0 0 0 285 442 224 49 0 0 0 0 0 308 419 229 44 0 0 0 0 0 294 432 238 36 0 0 0 0 0
295 437 220 48 0 0 0 0 0 309 438 207 46 0 0 0 0 0 303 403 253 41 0 0 0 0 0 298 446 224 32 0 0 0 0 0 319 417 220 44 0 0 0 0 0 285 442 232 41 0 0 0 0 0 288 447 231 34 0 0 0 0 0
254 442 256 48 0 0 0 0 0 260 434 258 48 0 0 0 0 0 249 416 286 49 0 0 0 0 0 260 416 272 52 0 0 0 0 0 236 429 288 47 0 0 0 0 0 251 418 296 35 0 0 0 0 0 224 461 257 58 0 0 0 0 0
238 424 276 62 0 0 0 0 0 226 433 268 73 0 0 0 0 0 236 434 264 66 0 0 0 0 0 236 420 283 61 0 0 0 0 0 236 445 276 43 0 0 0 0 0 220 444 286 50 0 0 0 0 0 223 441 284 52 0 0 0 0 0
228 435 268 69 0 0 0 0 0 206 441 287 66 0 0 0 0 0 222 422 292 64 0 0 0 0 0 187 424 313 76 0 0 0 0 0 207 408 313 72 0 0 0 0 0 220 408 309 63 0 0 0 0 0 196 436 297 71 0 0 0 0 0
176 430 298 96 0 0 0 0 0 172 406 336 86 0 0 0 0 0 171 407 334 88 0 0 0 0 0 166 416 317 101 0 0 0 0 0 177 436 323 64 0 0 0 0 0 194 394 328 84 0 0 0 0 0 181 397 334 88 0 0 0 0 0
150 410 329 111 0 0 0 0 0 151 386 341 122 0 0 0 0 0 168 384 351 97 0 0 0 0 0 127 390 377 106 0 0 0 0 0 144 410 359 87 0 0 0 0 0 158 395 341 106 0 0 0 0 0 154 368 360 118 0 0 0 0 0
161 343 389 107 0 0 0 0 0 157 362 384 97 0 0 0 0 0 124 407 350 119 0 0 0 0 0 129 377 365 129 0 0 0 0 0 124 373 374 129 0 0 0 0 0 136 358 386 120 0 0 0 0 0 127 369 394 110 0 0 0 0 0
113 381 364 142 0 0 0 0 0 126 347 381 146 0 0 0 0 0 125 371 376 128 0 0 0 0 0 121 386 351 142 0 0 0 0 0 123 390 359 128 0 0 0 0 0 118 376 394 112 0 0 0 0 0 127 359 378 136 0 0 0 0 0
135 364 386 115 0 0 0 0 0 123 381 365 131 0 0 0 0 0 121 343 388 148 0 0 0 0 0 127 357 365 151 0 0 0 0 0 98 384 374 144 0 0 0 0 0 136 354 364 146 0 0 0 0 0 114 357 398 131 0 0 0 0 0
106 346 387 161 0 0 0 0 0 122 342 375 161 0 0 0 0 0 89 346 390 175 0 0 0 0 0 106 325 399 170 0 0 0 0 0 114 319 401 166 0 0 0 0 0 110 370 382 138 0 0 0 0 0 107 331 386 176 0 0 0 0 0
73 330 399 198 0 0 0 0 0 80 311 414 195 0 0 0 0 0 108 283 425 184 0 0 0 0 0 92 274 442 192 0 0 0 0 0 94 305 451 150 0 0 0 0 0 86 328 389 197 0 0 0 0 0 74 335 413 178 0 0 0 0 0
70 279 431 220 0 0 0 0 0 71 308 409 212 0 0 0 0 0 68 297 416 219 0 0 0 0 0 65 292 419 224 0 0 0 0 0 69 309 425 197 0 0 0 0 0 81 331 397 191 0 0 0 0 0 78 310 404 208 0 0 0 0 0
65 277 429 229 0 0 0 0 0 58 287 429 226 0 0 0 0 0 62 267 448 223 0 0 0 0 0 64 287 438 211 0 0 0 0 0 65 300 414 221 0 0 0 0 0 66 271 424 239 0 0 0 0 0 63 278 438 221 0 0 0 0 0
66 259 468 207 0 0 0 0 0 53 298 431 218 0 0 0 0 0 67 258 436 239 0 0 0 0 0 46 304 428 222 0 0 0 0 0 56 278 440 226 0 0 0 0 0 55 296 447 202 0 0 0 0 0 59 273 437 231 0 0 0 0 0
59 273 419 249 0 0 0 0 0 51 278 445 226 0 0 0 0 0 67 264 440 229 0 0 0 0 0 48 245 448 259 0 0 0 0 0 54 262 416 268 0 0 0 0 0 48 273 461 218 0 0 0 0 0 52 244 433 271 0 0 0 0 0
37 236 444 283 0 0 0 0 0 48 216 474 262 0 0 0 0 0 47 219 431 303 0 0 0 0 0 52 229 445 274 0 0 0 0 0 51 248 442 259 0 0 0 0 0 45 242 442 271 0 0 0 0 0 43 242 436 279 0 0 0 0 0
24 220 433 323 0 0 0 0 0 40 199 455 306 0 0 0 0 0 45 217 413 325 0 0 0 0 0 31 212 446 311 0 0 0 0 0 43 210 430 317 0 0 0 0 0 36 205 450 309 0 0 0 0 0 36 213 445 306 0 0 0 0 0
27 202 427 344 0 0 0 0 0 30 197 421 352 0 0 0 0 0 33 207 432 328 0 0 0 0 0 48 186 446 320 0 0 0 0 0 31 210 445 314 0 0 0 0 0 26 199 465 310 0 0 0 0 0 36 189 459 316 0 0 0 0 0
23 200 441 336 0 0 0 0 0 30 166 482 322 0 0 0 0 0 32 205 419 344 0 0 0 0 0 27 205 419 349 0 0 0 0 0 31 196 452 321 0 0 0 0 0 30 204 440 326 0 0 0 0 0 34 222 424 320 0 0 0 0 0
30 180 425 365 0 0 0 0 0 32 190 438 340 0 0 0 0 0 26 186 435 353 0 0 0 0 0 22 186 441 351 0 0 0 0 0 31 208 412 349 0 0 0 0 0 24 192 416 368 0 0 0 0 0 28 167 440 365 0 0 0 0 0
21 174 423 382 0 0 0 0 0 27 181 440 352 0 0 0 0 0 17 188 399 396 0 0 0 0 0 23 181 396 400 0 0 0 0 0 23 157 416 404 0 0 0 0 0 19 160 434 387 0 0 0 0 0 22 169 427 382 0 0 0 0 0
16 153 412 419 0 0 0 0 0 18 147 418 417 0 0 0 0 0 11 143 424 422 0 0 0 0 0 11 153 443 393 0 0 0 0 0 24 143 426 407 0 0 0 0 0 16 152 422 410 0 0 0 0 0 20 147 402 431 0 0 0 0 0
15 127 415 443 0 0 0 0 0 11 136 407 446 0 0 0 0 0 14 121 427 438 0 0 0 0 0 11 134 422 433 0 0 0 0 0 10 135 413 442 0 0 0 0 0 17 142 420 421 0 0 0 0 0 17 134 391 458 0 0 0 0 0
17 127 399 457 0 0 0 0 0 15 135 413 437 0 0 0 0 0 12 124 422 442 0 0 0 0 0 14 136 400 450 0 0 0 0 0 14 136 421 429 0 0 0 0 0 15 155 410 420 0 0 0 0 0 15 123 404 458 0 0 0 0 0
13 117 392 478 0 0 0 0 0 12 103 412 473 0 0 0 0 0 11 104 419 466 0 0 0 0 0 11 139 415 435 0 0 0 0 0 11 125 407 457 0 0 0 0 0 15 118 407 460 0 0 0 0 0 18 111 406 465 0 0 0 0 0
13 134 390 463 0 0 0 0 0 9 123 381 487 0 0 0 0 0 13 119 397 471 0 0 0 0 0 9 94 419 478 0 0 0 0 0 13 112 403 472 0 0 0 0 0 9 125 404 462 0 0 0 0 0 10 110 410 470 0 0 0 0 0
15 117 398 470 0 0 0 0 0 7 104 397 492 0 0 0 0 0 11 104 372 513 0 0 0 0 0 18 109 377 496 0 0 0 0 0 8 105 387 500 0 0 0 0 0 15 121 386 478 0 0 0 0 0 10 94 398 498 0 0 0 0 0
9 88 371 532 0 0 0 0 0 9 86 405 500 0 0 0 0 0 4 103 376 517 0 0 0 0 0 15 94 370 521 0 0 0 0 0 13 106 394 487 0 0 0 0 0 9 109 394 488 0 0 0 0 0 7 95 395 503 0 0 0 0 0
11 81 368 540 0 0 0 0 0 7 99 360 534 0 0 0 0 0 8 93 377 522 0 0 0 0 0 3 91 355 551 0 0 0 0 0 12 78 362 548 0 0 0 0 0 5 76 367 552 0 0 0 0 0 6 94 382 518 0 0 0 0 0
4 72 386 538 0 0 0 0 0 6 64 384 546 0 0 0 0 0 7 77 336 580 0 0 0 0 0 11 83 381 525 0 0 0 0 0 3 74 387 536 0 0 0 0 0 10 81 377 532 0 0 0 0 0 11 78 365 546 0 0 0 0 0
6 75 354 565 0 0 0 0 0 7 74 359 560 0 0 0 0 0 10 65 351 574 0 0 0 0 0 4 69 364 563 0 0 0 0 0 4 61 369 566 0 0 0 0 0 8 78 366 548 0 0 0 0 0 8 86 341 565 0 0 0 0 0
3 67 359 571 0 0 0 0 0 0 71 351 578 0 0 0 0 0 4 77 314 605 0 0 0 0 0 5 64 332 599 0 0 0 0 0 6 69 335 590 0 0 0 0 0 6 64 363 567 0 0 0 0 0 3 72 330 595 0 0 0 0 0
4 74 326 596 0 0 0 0 0 2 51 322 625 0 0 0 0 0 7 57 300 636 0 0 0 0 0 4 51 331 614 0 0 0 0 0 3 64 349 584 0 0 0 0 0 4 49 342 605 0 0 0 0 0 1 80 319 600 0 0 0 0 0
4 43 306 647 0 0 0 0 0 5 55 315 625 0 0 0 0 0 2 51 312 635 0 0 0 0 0 2 59 297 642 0 0 0 0 0 2 49 313 636 0 0 0 0 0 5 54 311 630 0 0 0 0 0 2 61 309 628 0 0 0 0 0
4 54 287 655 0 0 0 0 0 1 33 299 667 0 0 0 0 0 5 38 321 636 0 0 0 0 0 3 58 308 631 0 0 0 0 0 1 57 325 617 0 0 0 0 0 2 58 301 639 0 0 0 0 0 2 40 298 660 0 0 0 0 0
0 40 320 640 0 0 0 0 0 2 44 275 679 0 0 0 0 0 2 48 274 676 0 0 0 0 0 4 42 318 636 0 0 0 0 0 2 49 285 664 0 0 0 0 0 2 37 310 651 0 0 0 0 0 2 42 313 643 0 0 0 0 0
5 59 268 668 0 0 0 0 0 2 39 311 648 0 0 0 0 0 2 45 305 648 0 0 0 0 0 4 44 300 652 0 0 0 0 0 0 67 294 639 0 0 0 0 0 3 39 309 649 0 0 0 0 0 0 41 298 661 0 0 0 0 0
4 41 285 670 0 0 0 0 0 1 36 261 702 0 0 0 0 0 4 39 282 675 0 0 0 0 0 1 47 274 678 0 0 0 0 0 2 43 292 663 0 0 0 0 0 0 47 271 682 0 0 0 0 0 3 40 271 686 0 0 0 0 0
2 32 272 694 0 0 0 0 0 3 27 261 709 0 0 0 0 0 1 45 255 699 0 0 0 0 0 1 41 266 692 0 0 0 0 0 1 35 259 705 0 0 0 0 0 2 32 276 690 0 0 0 0 0 1 38 261 700 0 0 0 0 0
1 28 261 710 0 0 0 0 0 1 26 239 734 0 0 0 0 0 1 35 239 725 0 0 0 0 0 0 40 255 705 0 0 0 0 0 6 33 267 694 0 0 0 0 0 0 29 233 738 0 0 0 0 0 1 29 248 722 0 0 0 0 0
2 26 240 732 0 0 0 0 0 2 22 251 725 0 0 0 0 0 1 34 238 727 0 0 0 0 0 3 31 251 715 0 0 0 0 0 1 27 243 729 0 0 0 0 0 1 28 244 727 0 0 0 0 0 0 23 242 735 0 0 0 0 0
0 21 237 742 0 0 0 0 0 1 34 244 721 0 0 0 0 0 2 29 235 734 0 0 0 0 0 1 20 219 760 0 0 0 0 0 1 18 259 722 0 0 0 0 0 1 21 252 726 0 0 0 0 0 2 25 231 742 0 0 0 0 0
2 21 208 769 0 0 0 0 0 1 23 230 746 0 0 0 0 0 2 24 228 746 0 0 0 0 0 1 26 223 750 0 0 0 0 0 0 18 256 726 0 0 0 0 0 0 22 224 754 0 0 0 0 0 0 29 238 733 0 0 0 0 0
1 25 211 763 0 0 0 0 0 0 26 245 729 0 0 0 0 0 1 25 220 754 0 0 0 0 0 1 33 211 755 0 0 0 0 0 0 22 225 753 0 0 0 0 0 0 23 225 752 0 0 0 0 0 0 25 219 756 0 0 0 0 0
1 24 203 772 0 0 0 0 0 1 22 197 780 0 0 0 0 0 0 21 225 754 0 0 0 0 0 1 21 204 774 0 0 0 0 0 2 25 202 771 0 0 0 0 0 1 29 205 765 0 0 0 0 0 0 15 206 779 0 0 0 0 0
0 14 208 778 0 0 0 0 0 0 18 206 776 0 0 0 0 0 2 15 204 779 0 0 0 0 0 2 12 191 795 0 0 0 0 0 1 21 221 757 0 0 0 0 0 1 23 210 766 0 0 0 0 0 0 15 207 778 0 0 0 0 0
1 18 196 785 0 0 0 0 0 0 19 176 805 0 0 0 0 0 1 23 186 790 0 0 0 0 0 2 18 177 803 0 0 0 0 0 0 13 175 812 0 0 0 0 0 0 20 196 784 0 0 0 0 0 0 14 190 796 0 0 0 0 0
1 16 179 804 0 0 0 0 0 0 15 197 788 0 0 0 0 0 2 12 184 802 0 0 0 0 0 1 19 202 778 0 0 0 0 0 0 14 187 799 0 0 0 0 0 1 20 178 801 0 0 0 0 0 0 16 169 815 0 0 0 0 0
0 15 185 800 0 0 0 0 0 0 11 182 807 0 0 0 0 0 0 9 182 809 0 0 0 0 0 0 20 189 791 0 0 0 0 0 0 15 186 799 0 0 0 0 0 0 9 169 822 0 0 0 0 0 1 14 201 784 0 0 0 0 0
0 11 174 815 0 0 0 0 0 2 10 174 814 0 0 0 0 0 0 11 161 828 0 0 0 0 0 1 10 166 823 0 0 0 0 0 0 13 165 822 0 0 0 0 0 0 14 192 794 0 0 0 0 0 0 15 171 814 0 0 0 0 0
0 13 146 841 0 0 0 0 0 0 13 157 830 0 0 0 0 0 0 19 153 828 0 0 0 0 0 0 11 172 817 0 0 0 0 0 0 16 160 824 0 0 0 0 0 1 10 152 837 0 0 0 0 0 2 8 150 840 0 0 0 0 0
0 7 155 838 0 0 0 0 0 1 9 158 832 0 0 0 0 0 0 10 141 849 0 0 0 0 0 1 10 155 834 0 0 0 0 0 0 7 154 839 0 0 0 0 0 0 6 161 833 0 0 0 0 0 0 10 141 849 0 0 0 0 0
0 5 163 832 0 0 0 0 0 1 12 138 849 0 0 0 0 0 0 7 151 842 0 0 0 0 0 0 13 145 842 0 0 0 0 0 0 5 144 851 0 0 0 0 0 0 7 141 852 0 0 0 0 0 0 11 142 847 0 0 0 0 0
0 5 141 854 0 0 0 0 0 0 9 138 853 0 0 0 0 0 0 12 150 838 0 0 0 0 0 0 11 131 858 0 0 0 0 0 0 5 135 860 0 0 0 0 0 0 8 118 874 0 0 0 0 0 0 8 133 859 0 0 0 0 0
0 9 151 840 0 0 0 0 0 0 9 122 869 0 0 0 0 0 0 7 131 862 0 0 0 0 0 0 6 131 863 0 0 0 0 0 0 8 126 866 0 0 0 0 0 0 11 135 854 0 0 0 0 0 0 6 141 853 0 0 0 0 0
1 10 120 869 0 0 0 0 0 0 13 122 865 0 0 0 0 0 0 3 126 871 0 0 0 0 0 0 2 121 877 0 0 0 0 0 0 7 131 862 0 0 0 0 0 0 9 125 866 0 0 0 0 0 0 5 134 861 0 0 0 0 0
0 5 109 886 0 0 0 0 0 0 5 107 888 0 0 0 0 0 0 3 108 889 0 0 0 0 0 0 8 118 874 0 0 0 0 0 0 1 121 878 0 0 0 0 0 0 2 122 876 0 0 0 0 0 0 4 127 869 0 0 0 0 0
0 6 111 883 0 0 0 0 0 0 5 113 882 0 0 0 0 0 0 7 139 854 0 0 0 0 0 0 5 98 897 0 0 0 0 0 0 9 102 889 0 0 0 0 0 1 6 113 880 0 0 0 0 0 0 8 84 908 0 0 0 0 0
0 4 114 882 0 0 0 0 0 0 8 120 872 0 0 0 0 0 0 4 104 892 0 0 0 0 0 0 5 94 901 0 0 0 0 0 0 5 115 880 0 0 0 0 0 0 4 99 897 0 0 0 0 0 0 8 106 886 0 0 0 0 0
0 7 114 879 0 0 0 0 0 0 5 100 895 0 0 0 0 0 0 4 122 874 0 0 0 0 0 0 5 92 903 0 0 0 0 0 0 4 105 891 0 0 0 0 0 0 4 114 882 0 0 0 0 0 0 4 98 898 0 0 0 0 0
1 5 86 908 0 0 0 0 0 0 1 103 896 0 0 0 0 0 0 6 110 884 0 0 0 0 0 0 7 106 887 0 0 0 0 0 0 1 104 895 0 0 0 0 0 0 1 96 903 0 0 0 0 0 0 1 98 901 0 0 0 0 0
0 6 96 898 0 0 0 0 0 0 5 95 900 0 0 0 0 0 0 3 78 919 0 0 0 0 0 0 2 90 908 0 0 0 0 0 0 4 105 891 0 0 0 0 0 0 4 96 900 0 0 0 0 0 0 3 88 909 0 0 0 0 0
0 1 88 911 0 0 0 0 0 0 3 82 915 0 0 0 0 0 0 3 110 887 0 0 0 0 0 2 3 76 919 0 0 0 0 0 0 3 93 904 0 0 0 0 0 0 8 102 890 0 0 0 0 0 0 6 97 897 0 0 0 0 0
0 1 91 908 0 0 0 0 0 0 2 61 937 0 0 0 0 0 0 2 90 908 0 0 0 0 0 0 1 87 912 0 0 0 0 0 1 4 95 900 0 0 0 0 0 0 1 88 911 0 0 0 0 0 0 1 87 912 0 0 0 0 0
0 2 84 914 0 0 0 0 0 0 2 73 925 0 0 0 0 0 0 1 72 927 0 0 0 0 0 0 2 58 940 0 0 0 0 0 0 3 80 917 0 0 0 0 0 0 4 76 920 0 0 0 0 0 0 2 85 913 0 0 0 0 0
0 2 62 936 0 0 0 0 0 0 2 66 932 0 0 0 0 0 0 0 77 923 0 0 0 0 0 0 4 65 931 0 0 0 0 0 0 2 61 937 0 0 0 0 0 0 3 74 923 0 0 0 0 0 0 5 75 920 0 0 0 0 0
0 3 70 927 0 0 0 0 0 0 4 76 920 0 0 0 0 0 0 5 67 928 0 0 0 0 0 0 0 86 914 0 0 0 0 0 0 3 76 921 0 0 0 0 0 0 5 68 927 0 0 0 0 0 0 4 73 923 0 0 0 0 0
0 2 73 925 0 0 0 0 0 0 4 72 924 0 0 0 0 0 0 2 61 937 0 0 0 0 0 0 4 68 928 0 0 0 0 0 0 2 62 936 0 0 0 0 0 0 2 85 913 0 0 0 0 0 0 2 59 939 0 0 0 0 0
0 1 67 932 0 0 0 0 0 0 1 60 939 0 0 0 0 0 0 2 89 909 0 0 0 0 0 0 3 66 931 0 0 0 0 0 0 2 73 925 0 0 0 0 0 0 3 67 930 0 0 0 0 0 0 1 62 937 0 0 0 0 0
0 2 67 931 0 0 0 0 0 0 2 41 957 0 0 0 0 0 0 1 54 945 0 0 0 0 0 0 2 72 926 0 0 0 0 0 0 0 70 930 0 0 0 0 0 0 1 51 948 0 0 0 0 0 0 0 54 946 0 0 0 0 0
0 0 77 923 0 0 0 0 0 0 2 66 932 0 0 0 0 0 0 1 61 938 0 0 0 0 0 0 0 65 935 0 0 0 0 0 0 1 62 937 0 0 0 0 0 0 1 65 934 0 0 0 0 0 0 1 58 941 0 0 0 0 0
0 0 48 952 0 0 0 0 0 0 1 54 945 0 0 0 0 0 0 3 55 942 0 0 0 0 0 0 0 54 946 0 0 0 0 0 0 2 55 943 0 0 0 0 0 0 1 53 946 0 0 0 0 0 0 2 52 946 0 0 0 0 0
0 2 49 949 0 0 0 0 0 0 0 69 931 0 0 0 0 0 0 0 55 945 0 0 0 0 0 0 0 57 943 0 0 0 0 0 0 3 40 957 0 0 0 0 0 0 2 64 934 0 0 0 0 0 0 1 63 936 0 0 0 0 0
0 1 47 952 0 0 0 0 0 0 1 60 939 0 0 0 0 0 0 1 48 951 0 0 0 0 0 0 0 44 956 0 0 0 0 0 0 0 53 947 0 0 0 0 0 0 1 47 952 0 0 0 0 0 0 1 39 960 0 0 0 0 0
0 2 53 945 0 0 0 0 0 0 2 50 948 0 0 0 0 0 0 1 47 952 0 0 0 0 0 0 0 38 962 0 0 0 0 0 0 0 39 961 0 0 0 0 0 0 1 52 947 0 0 0 0 0 0 1 44 955 0 0 0 0 0
0 0 41 959 0 0 0 0 0 0 0 44 956 0 0 0 0 0 0 1 49 950 0 0 0 0 0 0 0 41 959 0 0 0 0 0 0 0 41 959 0 0 0 0 0 0 0 48 952 0 0 0 0 0 0 2 48 950 0 0 0 0 0
0 0 29 971 0 0 0 0 0 0 0 39 961 0 0 0 0 0 0 0 44 956 0 0 0 0 0 0 0 31 969 0 0 0 0 0 0 1 42 957 0 0 0 0 0 0 0 36 964 0 0 0 0 0 0 1 33 966 0 0 0 0 0
0 2 38 960 0 0 0 0 0 0 1 33 966 0 0 0 0 0 0 0 49 951 0 0 0 0 0 0 1 45 954 0 0 0 0 0 0 0 44 956 0 0 0 0 0 0 0 46 954 0 0 0 0 0 0 1 28 971 0 0 0 0 0
0 1 38 961 0 0 0 0 0 0 0 42 958 0 0 0 0 0 0 0 50 950 0 0 0 0 0 0 0 39 961 0 0 0 0 0 0 2 38 960 0 0 0 0 0 0 0 42 958 0 0 0 0 0 0 2 29 969 0 0 0 0 0
0 1 37 962 0 0 0 0 0 0 1 27 972 0 0 0 0 0 0 0 25 975 0 0 0 0 0 0 0 44 956 0 0 0 0 0 0 1 42 957 0 0 0 0 0 0 1 27 972 0 0 0 0 0 0 1 38 961 0 0 0 0 0
0 0 39 961 0 0 0 0 0 0 1 38 961 0 0 0 0 0 0 2 35 963 0 0 0 0 0 0 0 37 963 0 0 0 0 0 0 0 43 957 0 0 0 0 0 0 2 37 961 0 0 0 0 0 0 0 33 967 0 0 0 0 0
0 0 41 959 0 0 0 0 0 0 2 35 963 0 0 0 0 0 0 0 32 968 0 0 0 0 0 0 1 34 965 0 0 0 0 0 0 0 32 968 0 0 0 0 0 0 1 33 966 0 0 0 0 0 0 1 42 957 0 0 0 0 0
0 0 26 974 0 0 0 0 0 0 0 35 965 0 0 0 0 0 0 0 32 968 0 0 0 0 0 0 0 30 970 0 0 0 0 0 0 0 23 977 0 0 0 0 0 0 1 32 967 0 0 0 0 0 0 1 26 973 0 0 0 0 0
0 0 33 967 0 0 0 0 0 0 0 24 976 0 0 0 0 0 0 1 42 957 0 0 0 0 0 0 0 32 968 0 0 0 0 0 0 0 23 977 0 0 0 0 0 0 1 33 966 0 0 0 0 0 0 1 36 963 0 0 0 0 0
0 0 17 983 0 0 0 0 0 0 0 17 983 0 0 0 0 0 0 1 24 975 0 0 0 0 0 0 0 33 967 0 0 0 0 0 0 0 22 978 0 0 0 0 0 0 0 26 974 0 0 0 0 0 0 1 31 968 0 0 0 0 0
0 0 33 967 0 0 0 0 0 0 1 30 969 0 0 0 0 0 0 0 21 979 0 0 0 0 0 0 0 22 978 0 0 0 0 0 0 0 40 960 0 0 0 0 0 0 0 19 981 0 0 0 0 0 0 0 21 979 0 0 0 0 0
0 0 15 985 0 0 0 0 0 0 1 26 973 0 0 0 0 0 0 0 19 981 0 0 0 0 0 0 0 26 974 0 0 0 0 0 0 1 22 977 0 0 0 0 0 0 1 22 977 0 0 0 0 0 0 0 29 971 0 0 0 0 0
0 0 14 986 0 0 0 0 0 0 1 21 978 0 0 0 0 0 0 0 25 975 0 0 0 0 0 0 1 25 974 0 0 0 0 0 0 0 31 969 0 0 0 0 0 0 0 18 982 0 0 0 0 0 0 0 16 984 0 0 0 0 0
0 1 29 970 0 0 0 0 0 0 1 22 977 0 0 0 0 0 0 0 18 982 0 0 0 0 0 0 0 25 975 0 0 0 0 0 0 0 17 983 0 0 0 0 0 0 0 25 975 0 0 0 0 0 0 0 17 983 0 0 0 0 0
0 0 14 986 0 0 0 0 0 0 1 27 972 0 0 0 0 0 0 0 20 980 0 0 0 0 0 0 0 15 985 0 0 0 0 0 0 0 19 981 0 0 0 0 0 0 0 24 976 0 0 0 0 0 0 0 20 980 0 0 0 0 0
0 0 17 983 0 0 0 0 0 0 0 13 987 0 0 0 0 0 0 0 22 978 0 0 0 0 0 0 0 23 977 0 0 0 0 0 0 0 25 975 0 0 0 0 0 0 0 13 987 0 0 0 0 0 0 0 13 987 0 0 0 0 0
0 0 20 980 0 0 0 0 0 0 0 13 987 0 0 0 0 0 0 0 26 974 0 0 0 0 0 0 0 23 977 0 0 0 0 0 0 0 13 987 0 0 0 0 0 0 0 18 982 0 0 0 0 0 0 0 16 984 0 0 0 0 0
0 0 20 980 0 0 0 0 0 0 0 23 977 0 0 0 0 0 0 0 21 979 0 0 0 0 0 0 0 21 979 0 0 0 0 0 0 1 21 978 0 0 0 0 0 0 0 27 973 0 0 0 0 0 0 0 9 991 0 0 0 0 0
0 0 21 979 0 0 0 0 0 0 0 19 981 0 0 0 0 0 0 0 20 980 0 0 0 0 0 0 0 15 985 0 0 0 0 0 0 0 14 986 0 0 0 0 0 0 0 23 977 0 0 0 0 0 0 0 15 985 0 0 0 0 0
0 0 19 981 0 0 0 0 0 0 0 9 991 0 0 0 0 0 0 1 9 990 0 0 0 0 0 0 0 12 988 0 0 0 0 0 0 0 11 989 0 0 0 0 0 0 0 12 988 0 0 0 0 0 0 0 13 987 0 0 0 0 0
0 0 16 984 0 0 0 0 0 0 0 16 984 0 0 0 0 0 0 0 20 980 0 0 0 0 0 0 0 17 983 0 0 0 0 0 0 0 13 987 0 0 0 0 0 0 1 15 984 0 0 0 0 0 0 0 16 984 0 0 0 0 0
0 0 11 989 0 0 0 0 0 0 0 18 982 0 0 0 0 0 0 0 10 990 0 0 0 0 0 0 0 11 989 0 0 0 0 0 0 0 21 979 0 0 0 0 0 0 1 16 983 0 0 0 0 0 0 0 14 986 0 0 0 0 0
0 0 6 994 0 0 0 0 0 0 0 11 989 0 0 0 0 0 0 0 14 986 0 0 0 0 0 0 0 15 985 0 0 0 0 0 0 0 19 981 0 0 0 0 0 0 0 14 986 0 0 0 0 0 0 0 19 981 0 0 0 0 0
0 0 11 989 0 0 0 0 0 0 0 10 990 0 0 0 0 0 0 0 12 988 0 0 0 0 0 0 0 11 989 0 0 0 0 0 0 0 11 989 0 0 0 0 0 0 0 15 985 0 0 0 0 0 0 0 12 988 0 0 0 0 0
0 0 10 990 0 0 0 0 0 0 0 16 984 0 0 0 0 0 0 0 8 992 0 0 0 0 0 0 0 8 992 0 0 0 0 0 0 1 9 990 0 0 0 0 0 0 0 6 994 0 0 0 0 0 0 0 20 980 0 0 0 0 0
0 0 13 987 0 0 0 0 0 0 0 13 987 0 0 0 0 0 0 0 8 992 0 0 0 0 0 0 0 6 994 0 0 0 0 0 0 0 11 989 0 0 0 0 0 0 0 13 987 0 0 0 0 0 0 0 15 985 0 0 0 0 0
0 0 5 995 0 0 0 0 0 0 0 8 992 0 0 0 0 0 0 0 9 991 0 0 0 0 0 0 0 16 984 0 0 0 0 0 0 0 14 986 0 0 0 0 0 0 0 10 990 0 0 0 0 0 0 0 12 988 0 0 0 0 0
0 0 13 987 0 0 0 0 0 0 0 10 990 0 0 0 0 0 0 0 14 986 0 0 0 0 0 0 0 12 988 0 0 0 0 0 0 0 6 994 0 0 0 0 0 0 0 7 993 0 0 0 0 0 0 0 11 989 0 0 0 0 0
0 0 9 991 0 0 0 0 0 0 0 10 990 0 0 0 0 0 0 0 11 989 0 0 0 0 0 0 0 10 990 0 0 0 0 0 0 0 10 990 0 0 0 0 0 0 0 10 990 0 0 0 0 0 0 0 10 990 0 0 0 0 0
0 0 10 990 0 0 0 0 0 0 0 7 993 0 0 0 0 0 0 0 8 992 0 0 0 0 0 0 0 9 991 0 0 0 0 0 0 0 10 990 0 0 0 0 0 0 0 4 996 0 0 0 0 0 0 0 10 990 0 0 0 0 0
0 0 9 991 0 0 0 0 0 0 0 9 991 0 0 0 0 0 0 0 10 990 0 0 0 0 0 0 0 6 994 0 0 0 0 0 0 0 8 992 0 0 0 0 0 0 0 8 992 0 0 0 0 0 0 0 11 989 0 0 0 0 0
0 0 5 995 0 0 0 0 0 0 0 9 991 0 0 0 0 0 0 0 3 997 0 0 0 0 0 0 0 8 992 0 0 0 0 0 0 0 9 991 0 0 0 0 0 0 0 5 995 0 0 0 0 0 0 0 7 993 0 0 0 0 0
0 0 5 995 0 0 0 0 0 0 0 6 994 0 0 0 0 0 0 0 4 996 0 0 0 0 0 0 0 6 994 0 0 0 0 0 0 0 5 995 0 0 0 0 0 0 0 3 997 0 0 0 0 0 0 0 8 992 0 0 0 0 0
0 0 7 993 0 0 0 0 0 0 1 4 995 0 0 0 0 0 0 0 8 992 0 0 0 0 0 0 0 3 997 0 0 0 0 0 0 0 10 990 0 0 0 0 0 0 0 4 996 0 0 0 0 0 0 0 6 994 0 0 0 0 0
0 0 4 996 0 0 0 0 0 0 0 6 994 0 0 0 0 0 0 0 4 996 0 0 0 0 0 0 0 9 991 0 0 0 0 0 0 0 8 992 0 0 0 0 0 0 0 3 997 0 0 0 0 0 0 0 4 996 0 0 0 0 0
0 0 7 993 0 0 0 0 0 0 0 4 996 0 0 0 0 0 0 0 6 994 0 0 0 0 0 0 0 6 994 0 0 0 0 0 0 0 6 994 0 0 0 0 0 0 0 7 993 0 0 0 0 0 0 0 3 997 0 0 0 0 0
0 0 2 998 0 0 0 0 0 0 0 6 994 0 0 0 0 0 0 0 6 994 0 0 0 0 0 0 0 1 999 0 0 0 0 0 0 0 6 994 0 0 0 0 0 0 0 9 991 0 0 0 0 0 0 0 4 996 0 0 0 0 0
0 0 4 996 0 0 0 0 0 0 0 4 996 0 0 0 0 0 0 0 8 992 0 0 0 0 0 0 0 10 990 0 0 0 0 0 0 0 3 997 0 0 0 0 0 0 0 8 992 0 0 0 0 0 0 0 5 995 0 0 0 0 0
0 0 4 996 0 0 0 0 0 0 0 4 996 0 0 0 0 0 0 0 1 999 0 0 0 0 0 0 0 3 997 0 0 0 0 0 0 0 5 995 0 0 0 0 0 0 0 4 996 0 0 0 0 0 0 0 7 993 0 0 0 0 0
0 0 6 994 0 0 0 0 0 0 0 7 993 0 0 0 0 0 0 0 3 997 0 0 0 0 0 0 0 2 998 0 0 0 0 0 0 0 3 997 0 0 0 0 0 0 0 5 995 0 0 0 0 0 0 0 3 997 0 0 0 0 0
0 0 6 994 0 0 0 0 0 0 0 5 995 0 0 0 0 0 0 0 6 994 0 0 0 0 0 0 0 5 995 0 0 0 0 0 0 0 5 995 0 0 0 0 0 0 0 6 994 0 0 0 0 0 0 0 3 997 0 0 0 0 0
0 0 2 998 0 0 0 0 0 0 0 4 996 0 0 0 0 0 0 0 3 997 0 0 0 0 0 0 0 4 996 0 0 0 0 0 0 0 4 996 0 0 0 0 0 0 0 4 996 0 0 0 0 0 0 0 5 995 0 0 0 0 0
0 0 10 990 0 0 0 0 0 0 0 11 989 0 0 0 0 0 0 0 6 994 0 0 0 0 0 0 0 4 996 0 0 0 0 0 0 0 5 995 0 0 0 0 0 0 0 2 998 0 0 0 0 0 0 0 2 998 0 0 0 0 0
0 0 8 992 0 0 0 0 0 0 0 3 997 0 0 0 0 0 0 0 3 997 0 0 0 0 0 0 0 1 999 0 0 0 0 0 0 0 3 997 0 0 0 0 0 0 0 5 995 0 0 0 0 0 0 0 4 996 0 0 0 0 0
0 0 7 993 0 0 0 0 0 0 0 1 999 0 0 0 0 0 0 0 4 996 0 0 0 0 0 0 0 6 994 0 0 0 0 0 0 0 3 997 0 0 0 0 0 0 0 3 997 0 0 0 0 0 0 0 1 999 0 0 0 0 0
0 0 8 992 0 0 0 0 0 0 0 1 999 0 0 0 0 0 0 0 3 997 0 0 0 0 0 0 0 2 998 0 0 0 0 0 0 0 2 998 0 0 0 0 0 0 0 1 999 0 0 0 0 0 0 0 2 998 0 0 0 0 0
0 0 3 997 0 0 0 0 0 0 0 7 993 0 0 0 0 0 0 0 3 997 0 0 0 0 0 0 0 3 997 0 0 0 0 0 0 0 3 997 0 0 0 0 0 0 0 4 996 0 0 0 0 0 0 0 4 996 0 0 0 0 0
0 0 2 998 0 0 0 0 0 0 0 3 997 0 0 0 0 0 0 0 2 998 0 0 0 0 0 0 0 5 995 0 0 0 0 0 0 0 1 999 0 0 0 0 0 0 0 3 997 0 0 0 0 0 0 0 8 992 0 0 0 0 0
0 0 4 996 0 0 0 0 0 0 0 3 997 0 0 0 0 0 0 0 0 1000 0 0 0 0 0 0 0 7 993 0 0 0 0 0 0 0 1 999 0 0 0 0 0 0 0 3 997 0 0 0 0 0 0 0 1 999 0 0 0 0 0
0 0 4 996 0 0 0 0 0 0 0 1 999 0 0 0 0 0 0 0 5 995 0 0 0 0 0 0 0 2 998 0 0 0 0 0 0 0 0 1000 0 0 0 0 0 0 0 2 998 0 0 0 0 0 0 0 5 995 0 0 0 0 0
0 0 2 998 0 0 0 0 0 0 0 0 1000 0 0 0 0 0 0 0 1 999 0 0 0 0 0 0 0 3 997 0 0 0 0 0 0 0 3 997 0 0 0 0 0 0 0 3 997 0 0 0 0 0 0 0 4 996 0 0 0 0 0
0 0 3 997 0 0 0 0 0 0 0 2 998 0 0 0 0 0 0 0 1 999 0 0 0 0 0 0 0 7 993 0 0 0 0 0 0 0 2 998 0 0 0 0 0 0 0 3 997 0 0 0 0 0 0 0 7 993 0 0 0 0 0
0 0 0 1000 0 0 0 0 0 0 0 5 995 0 0 0 0 0 0 0 2 998 0 0 0 0 0 0 0 3 997 0 0 0 0 0 0 0 1 999 0 0 0 0 0 0 0 0 1000 0 0 0 0 0 0 0 3 997 0 0 0 0 0
0 0 0 1000 0 0 0 0 0 0 0 0 1000 0 0 0 0 0 0 0 0 1000 0 0 0 0 0 0 0 1 999 0 0 0 0 0 0 0 4 996 0 0 0 0 0 0 0 4 996 0 0 0 0 0 0 0 1 999 0 0 0 0 0
0 0 2 998 0 0 0 0 0 0 0 2 998 0 0 0 0 0 0 0 4 996 0 0 0 0 0 0 0 3 997 0 0 0 0 0 0 0 1 999 0 0 0 0 0 0 0 1 999 0 0 0 0 0 0 0 3 997 0 0 0 0 0
0 0 3 997 0 0 0 0 0 0 0 1 999 0 0 0 0 0 0 0 2 998 0 0 0 0 0 0 0 2 998 0 0 0 0 0 0 0 0 1000 0 0 0 0 0 0 0 2 998 0 0 0 0 0 0 0 1 999 0 0 0 0 0
0 0 2 998 0 0 0 0 0 0 0 1 999 0 0 0 0 0 0 0 1 999 0 0 0 0 0 0 0 5 995 0 0 0 0 0 0 0 3 997 0 0 0 0 0 0 0 2 998 0 0 0 0 0 0 0 1 999 0 0 0 0 0
0 0 2 998 0 0 0 0 0 0 0 2 998 0 0 0 0 0 0 0 1 999 0 0 0 0 0 0 0 6 994 0 0 0 0 0 0 0 1 999 0 0 0 0 0 0 0 1 999 0 0 0 0 0 0 0 2 998 0 0 0 0 0
0 0 0 1000 0 0 0 0 0 0 0 1 999 0 0 0 0 0 0 0 3 997 0 0 0 0 0 0 0 3 997 0 0 0 0 0 0 0 0 1000 0 0 0 0 0 0 0 1 999 0 0 0 0 0 0 0 0 1000 0 0 0 0 0
0 0 3 997 0 0 0 0 0 0 0 2 998 0 0 0 0 0 0 0 4 996 0 0 0 0 0 0 0 0 1000 0 0 0 0 0 0 0 1 999 0 0 0 0 0 0 0 0 1000 0 0 0 0 0 0 0 0 1000 0 0 0 0 0
0 0 2 998 0 0 0 0 0 0 0 1 999 0 0 0 0 0 0 0 1 999 0 0 0 0 0 0 0 1 999 0 0 0 0 0 0 0 0 1000 0 0 0 0 0 0 0 0 1000 0 0 0 0 0 0 0 0 1000 0 0 0 0 0
0 0 5 995 0 0 0 0 0 0 0 2 998 0 0 0 0 0 0 0 2 998 0 0 0 0 0 0 0 4 996 0 0 0 0 0 0 0 2 998 0 0 0 0 0 0 0 2 998 0 0 0 0 0 0 0 4 996 0 0 0 0 0
0 0 0 1000 0 0 0 0 0 0 0 4 996 0 0 0 0 0 0 0 2 998 0 0 0 0 0 0 0 0 1000 0 0 0 0 0 0 0 1 999 0 0 0 0 0 0 0 0 1000 0 0 0 0 0 0 0 1 999 0 0 0 0 0
0 0 2 998 0 0 0 0 0 0 0 3 997 0 0 0 0 0 0 0 1 999 0 0 0 0 0 0 0 2 998 0 0 0 0 0 0 0 2 998 0 0 0 0 0 0 0 3 997 0 0 0 0 0 0 0 0 1000 0 0 0 0 0
0 0 1 999 0 0 0 0 0 0 0 1 999 0 0 0 0 0 0 0 3 997 0 0 0 0 0 0 0 0 1000 0 0 0 0 0 0 0 1 999 0 0 0 0 0 0 0 0 1000 0 0 0 0 0 0 0 0 1000 0 0 0 0 0
0 0 4 996 0 0 0 0 0 0 0 2 998 0 0 0 0 0 0 0 1 999 0 0 0 0 0 0 0 0 1000 0 0 0 0 0 0 0 0 1000 0 0 0 0 0 0 0 2 998 0 0 0 0 0 0 0 0 1000 0 0 0 0 0
0 0 0 1000 0 0 0 0 0 0 0 3 997 0 0 0 0 0 0 0 0 1000 0 0 0 0 0 0 0 0 1000 0 0 0 0 0 0 0 0 1000 0 0 0 0 0 0 0 0 1000 0 0 0 0 0 0 0 1 999 0 0 0 0 0
0 0 1 999 0 0 0 0 0 0 0 2 998 0 0 0 0 0 0 0 2 998 0 0 0 0 0 0 0 0 1000 0 0 0 0 0 0 0 0 1000 0 0 0 0 0 0 0 3 997 0 0 0 0 0 0 0 1 999 0 0 0 0 0
0 0 0 1000 0 0 0 0 0 0 0 1 999 0 0 0 0 0 0 0 2 998 0 0 0 0 0 0 0 0 1000 0 0 0 0 0 0 0 0 1000 0 0 0 0 0 0 0 2 998 0 0 0 0 0 0 0 0 1000 0 0 0 0 0
0 0 0 1000 0 0 0 0 0 0 0 3 997 0 0 0 0 0 0 0 0 1000 0 0 0 0 0 0 0 0 1000 0 0 0 0 0 0 0 1 999 0 0 0 0 0 0 0 0 1000 0 0 0 0 0 0 0 1 999 0 0 0 0 0
0 0 2 998 0 0 0 0 0 0 0 0 1000 0 0 0 0 0 0 0 2 998 0 0 0 0 0 0 0 0 1000 0 0 0 0 0 0 0 1 999 0 0 0 0 0 0 0 0 1000 0 0 0 0 0 0 0 1 999 0 0 0 0 0
0 0 0 1000 0 0 0 0 0 0 0 0 1000 0 0 0 0 0 0 0 0 1000 0 0 0 0 0 0 0 0 1000 0 0 0 0 0 0 0 0 1000 0 0 0 0 0 0 0 1 999 0 0 0 0 0 0 0 1 999 0 0 0 0 0
0 0 1 999 0 0 0 0 0 0 0 0 1000 0 0 0 0 0 0 0 1 999 0 0 0 0 0 0 0 2 998 0 0 0 0 0 0 0 0 1000 0 0 0 0 0 0 0 1 999 0 0 0 0 0 0 0 0 1000 0 0 0 0 0
0 0 2 998 0 0 0 0 0 0 0 0 1000 0 0 0 0 0 0 0 0 1000 0 0 0 0 0 0 0 0 1000 0 0 0 0 0 0 0 0 1000 0 0 0 0 0 0 0 0 1000 0 0 0 0 0 0 0 0 1000 0 0 0 0 0
0 0 2 998 0 0 0 0 0 0 0 0 1000 0 0 0 0 0 0 0 1 999 0 0 0 0 0 0 0 1 999 0 0 0 0 0 0 0 2 998 0 0 0 0 0 0 0 2 998 0 0 0 0 0 0 0 0 1000 0 0 0 0 0
0 0 0 1000 0 0 0 0 0 0 0 0 1000 0 0 0 0 0 0 0 0 1000 0 0 0 0 0 0 0 0 1000 0 0 0 0 0 0 0 1 999 0 0 0 0 0 0 0 0 1000 0 0 0 0 0 0 0 1 999 0 0 0 0 0
0 0 1 999 0 0 0 0 0 0 0 1 999 0 0 0 0 0 0 0 0 1000 0 0 0 0 0 0 0 0 1000 0 0 0 0 0 0 0 1 999 0 0 0 0 0 0 0 2 998 0 0 0 0 0 0 0 1 999 0 0 0 0 0
0 0 0 1000 0 0 0 0 0 0 0 0 1000 0 0 0 0 0 0 0 2 998 0 0 0 0 0 0 0 0 1000 0 0 0 0 0 0 0 0 1000 0 0 0 0 0 0 0 0 1000 0 0 0 0 0 0 0 0 1000 0 0 0 0 0
0 0 0 1000 0 0 0 0 0 0 0 0 1000 0 0 0 0 0 0 0 0 1000 0 0 0 0 0 0 0 1 999 0 0 0 0 0 0 0 0 1000 0 0 0 0 0 0 0 0 1000 0 0 0 0 0 0 0 2 998 0 0 0 0 0
0 0 0 1000 0 0 0 0 0 0 0 0 1000 0 0 0 0 0 0 0 0 1000 0 0 0 0 0 0 0 2 998 0 0 0 0 0 0 0 2 998 0 0 0 0 0 0 0 0 1000 0 0 0 0 0 0 0 0 1000 0 0 0 0 0
0 0 0 1000 0 0 0 0 0 0 0 1 999 0 0 0 0 0 0 0 0 1000 0 0 0 0 0 0 0 0 1000 0 0 0 0 0 0 0 1 999 0 0 0 0 0 0 0 0 1000 0 0 0 0 0 0 0 2 998 0 0 0 0 0
0 0 0 1000 0 0 0 0 0 0 0 0 1000 0 0 0 0 0 0 0 1 999 0 0 0 0 0 0 0 0 1000 0 0 0 0 0 0 0 1 999 0 0 0 0 0 0 0 0 1000 0 0 0 0 0 0 0 1 999 0 0 0 0 0
0 0 0 1000 0 0 0 0 0 0 0 0 1000 0 0 0 0 0 0 0 0 1000 0 0 0 0 0 0 0 0 1000 0 0 0 0 0 0 0 0 1000 0 0 0 0 0 0 0 0 1000 0 0 0 0 0 0 0 0 1000 0 0 0 0 0
0 0 0 1000 0 0 0 0 0 0 0 1 999 0 0 0 0 0 0 0 0 1000 0 0 0 0 0 0 0 1 999 0 0 0 0 0 0 0 0 1000 0 0 0 0 0 0 0 0 1000 0 0 0 0 0 0 0 1 999 0 0 0 0 0
0 0 1 999 0 0 0 0 0 0 0 0 1000 0 0 0 0 0 0 0 0 1000 0 0 0 0 0 0 0 1 999 0 0 0 0 0 0 0 0 1000 0 0 0 0 0 0 0 0 1000 0 0 0 0 0 0 0 0 1000 0 0 0 0 0
0 0 0 1000 0 0 0 0 0 0 0 0 1000 0 0 0 0 0 0 0 1 999 0 0 0 0 0 0 0 0 1000 0 0 0 0 0 0 0 1 999 0 0 0 0 0 0 0 0 1000 0 0 0 0 0 0 0 0 1000 0 0 0 0 0
0 0 1 999 0 0 0 0 0 0 0 0 1000 0 0 0 0 0 0 0 0 1000 0 0 0 0 0 0 0 0 1000 0 0 0 0 0 0 0 0 1000 0 0 0 0 0 0 0 0 1000 0 0 0 0 0 0 0 0 1000 0 0 0 0 0
0 0 0 1000 0 0 0 0 0 0 0 1 999 0 0 0 0 0 0 0 0 1000 0 0 0 0 0 0 0 0 1000 0 0 0 0 0 0 0 0 1000 0 0 0 0 0 0 0 0 1000 0 0 0 0 0 0 0 0 1000 0 0 0 0 0
0 0 0 1000 0 0 0 0 0 0 0 0 1000 0 0 0 0 0 0 0 0 1000 0 0 0 0 0 0 0 0 1000 0 0 0 0 0 0 0 0 1000 0 0 0 0 0 0 0 0 1000 0 0 0 0 0 0 0 0 1000 0 0 0 0 0
0 0 0 1000 0 0 0 0 0 0 0 0 1000 0 0 0 0 0 0 0 0 1000 0 0 0 0 0 0 0 0 1000 0 0 0 0 0 0 0 0 1000 0 0 0 0 0 0 0 0 1000 0 0 0 0 0 0 0 0 1000 0 0 0 0 0
0 0 1 999 0 0 0 0 0 0 0 0 1000 0 0 0 0 0 0 0 0 1000 0 0 0 0 0 0 0 0 1000 0 0 0 0 0 0 0 0 1000 0 0 0 0 0 0 0 0 1000 0 0 0 0 0 0 0 0 1000 0 0 0 0 0
0 0 0 1000 0 0 0 0 0 0 0 0 1000 0 0 0 0 0 0 0 0 1000 0 0 0 0 0 0 0 0 1000 0 0 0 0 0 0 0 0 1000 0 0 0 0 0 0 0 0 1000 0 0 0 0 0 0 0 1 999 0 0 0 0 0
0 0 0 1000 0 0 0 0 0 0 0 0 1000 0 0 0 0 0 0 0 1 999 0 0 0 0 0 0 0 0 1000 0 0 0 0 0 0 0 0 1000 0 0 0 0 0 0 0 1 999 0 0 0 0 0 0 0 1 999 0 0 0 0 0
0 0 0 1000 0 0 0 0 0 0 0 0 1000 0 0 0 0 0 0 0 0 1000 0 0 0 0 0 0 0 0 1000 0 0 0 0 0 0 0 0 1000 0 0 0 0 0 0 0 1 999 0 0 0 0 0 0 0 0 1000 0 0 0 0 0
0 0 0 1000 0 0 0 0 0 0 0 0 1000 0 0 0 0 0 0 0 1 999 0 0 0 0 0 0 0 0 1000 0 0 0 0 0 0 0 0 1000 0 0 0 0 0 0 0 0 1000 0 0 0 0 0 0 0 0 1000 0 0 0 0 0
0 0 0 1000 0 0 0 0 0 0 0 0 1000 0 0 0 0 0 0 0 0 1000 0 0 0 0 0 0 0 0 1000 0 0 0 0 0 0 0 0 1000 0 0 0 0 0 0 0 0 1000 0 0 0 0 0 0 0 0 1000 0 0 0 0 0
0 0 0 1000 0 0 0 0 0 0 0 0 1000 0 0 0 0 0 0 0 0 1000 0 0 0 0 0 0 0 0 1000 0 0 0 0 0 0 0 0 1000 0 0 0 0 0 0 0 0 1000 0 0 0 0 0 0 0 0 1000 0 0 0 0 0
0 0 0 1000 0 0 0 0 0 0 0 1 999 0 0 0 0 0 0 0 0 1000 0 0 0 0 0 0 0 1 999 0 0 0 0 0 0 0 0 1000 0 0 0 0 0 0 0 0 1000 0 0 0 0 0 0 0 0 1000 0 0 0 0 0
0 0 0 1000 0 0 0 0 0 0 0 0 1000 0 0 0 0 0 0 0 1 999 0 0 0 0 0 0 0 0 1000 0 0 0 0 0 0 0 0 1000 0 0 0 0 0 0 0 0 1000 0 0 0 0 0 0 0 0 1000 0 0 0 0 0
0 0 1 999 0 0 0 0 0 0 0 0 1000 0 0 0 0 0 0 0 1 999 0 0 0 0 0 0 0 0 1000 0 0 0 0 0 0 0 0 1000 0 0 0 0 0 0 0 0 1000 0 0 0 0 0 0 0 0 1000 0 0 0 0 0
0 0 0 1000 0 0 0 0 0 0 0 0 1000 0 0 0 0 0 0 0 1 999 0 0 0 0 0 0 0 0 1000 0 0 0 0 0 0 0 1 999 0 0 0 0 0 0 0 0 1000 0 0 0 0 0 0 0 1 999 0 0 0 0 0
0 0 1 999 0 0 0 0 0 0 0 0 1000 0 0 0 0 0 0 0 0 1000 0 0 0 0 0 0 0 0 1000 0 0 0 0 0 0 0 0 1000 0 0 0 0 0 0 0 0 1000 0 0 0 0 0 0 0 0 1000 0 0 0 0 0
0 0 1 999 0 0 0 0 0 0 0 0 1000 0 0 0 0 0 0 0 0 1000 0 0 0 0 0 0 0 0 1000 0 0 0 0 0 0 0 0 1000 0 0 0 0 0 0 0 0 1000 0 0 0 0 0 0 0 0 1000 0 0 0 0 0
0 0 0 1000 0 0 0 0 0 0 0 1 999 0 0 0 0 0 0 0 0 1000 0 0 0 0 0 0 0 0 1000 0 0 0 0 0 0 0 0 1000 0 0 0 0 0 0 0 0 1000 0 0 0 0 0 0 0 0 1000 0 0 0 0 0
0 0 0 1000 0 0 0 0 0 0 0 0 1000 0 0 0 0 0 0 0 0 1000 0 0 0 0 0 0 0 1 999 0 0 0 0 0 0 0 1 999 0 0 0 0 0 0 0 0 1000 0 0 0 0 0 0 0 0 1000 0 0 0 0 0
0 0 2 998 0 0 0 0 0 0 0 1 999 0 0 0 0 0 0 0 1 999 0 0 0 0 0 0 0 0 1000 0 0 0 0 0 0 0 0 1000 0 0 0 0 0 0 0 0 1000 0 0 0 0 0 0 0 0 1000 0 0 0 0 0
0 0 0 1000 0 0 0 0 0 0 0 0 1000 0 0 0 0 0 0 0 0 1000 0 0 0 0 0 0 0 0 1000 0 0 0 0 0 0 0 0 1000 0 0 0 0 0 0 0 0 1000 0 0 0 0 0 0 0 0 1000 0 0 0 0 0
0 0 0 1000 0 0 0 0 0 0 0 1 999 0 0 0 0 0 0 0 0 1000 0 0 0 0 0 0 0 0 1000 0 0 0 0 0 0 0 0 1000 0 0 0 0 0 0 0 0 1000 0 0 0 0 0 0 0 0 1000 0 0 0 0 0
0 0 0 1000 0 0 0 0 0 0 0 0 1000 0 0 0 0 0 0 0 0 1000 0 0 0 0 0 0 0 1 999 0 0 0 0 0 0 0 0 1000 0 0 0 0 0 0 0 0 1000 0 0 0 0 0 0 0 1 999 0 0 0 0 0
