991 9 0 0 0 0 0 0 0 985 15 0 0 0 0 0 0 0 985 15 0 0 0 0 0 0 0 990 10 0 0 0 0 0 0 0 992 8 0 0 0 0 0 0 0 990 10 0 0 0 0 0 0 0 994 6 0 0 0 0 0 0 0
920 76 4 0 0 0 0 0 0 940 57 3 0 0 0 0 0 0 946 51 3 0 0 0 0 0 0 924 73 3 0 0 0 0 0 0 924 74 2 0 0 0 0 0 0 929 68 3 0 0 0 0 0 0 915 81 4 0 0 0 0 0 0
906 92 2 0 0 0 0 0 0 897 97 6 0 0 0 0 0 0 916 81 3 0 0 0 0 0 0 895 97 8 0 0 0 0 0 0 875 117 8 0 0 0 0 0 0 904 92 4 0 0 0 0 0 0 895 101 4 0 0 0 0 0 0
904 92 4 0 0 0 0 0 0 910 84 6 0 0 0 0 0 0 913 80 7 0 0 0 0 0 0 899 96 5 0 0 0 0 0 0 922 76 2 0 0 0 0 0 0 899 97 2 2 0 0 0 0 0 910 87 3 0 0 0 0 0 0
804 181 15 0 0 0 0 0 0 799 180 19 2 0 0 0 0 0 818 164 17 1 0 0 0 0 0 821 156 22 1 0 0 0 0 0 817 168 14 1 0 0 0 0 0 815 167 17 1 0 0 0 0 0 816 165 17 2 0 0 0 0 0
735 235 28 2 0 0 0 0 0 723 245 30 2 0 0 0 0 0 720 250 28 2 0 0 0 0 0 710 253 35 2 0 0 0 0 0 731 234 35 0 0 0 0 0 0 743 228 26 3 0 0 0 0 0 748 222 28 2 0 0 0 0 0
715 252 31 2 0 0 0 0 0 713 256 31 0 0 0 0 0 0 730 235 31 4 0 0 0 0 0 710 250 37 3 0 0 0 0 0 713 256 30 1 0 0 0 0 0 726 241 32 1 0 0 0 0 0 739 229 29 3 0 0 0 0 0
616 319 60 4 1 0 0 0 0 627 316 52 5 0 0 0 0 0 622 316 58 4 0 0 0 0 0 649 288 61 2 0 0 0 0 0 632 297 66 5 0 0 0 0 0 623 316 47 14 0 0 0 0 0 617 310 66 7 0 0 0 0 0
552 358 80 10 0 0 0 0 0 517 350 121 11 1 0 0 0 0 529 372 86 12 1 0 0 0 0 546 355 90 8 1 0 0 0 0 544 354 91 10 1 0 0 0 0 542 365 86 7 0 0 0 0 0 540 351 96 12 1 0 0 0 0
473 382 123 21 1 0 0 0 0 484 371 131 13 1 0 0 0 0 498 370 115 17 0 0 0 0 0 506 370 107 17 0 0 0 0 0 501 381 108 8 2 0 0 0 0 498 380 107 15 0 0 0 0 0 485 379 123 12 1 0 0 0 0
448 395 129 25 3 0 0 0 0 436 412 129 23 0 0 0 0 0 434 394 144 26 2 0 0 0 0 452 378 138 31 1 0 0 0 0 418 399 157 26 0 0 0 0 0 463 354 147 31 5 0 0 0 0 425 388 153 32 2 0 0 0 0
338 421 188 49 4 0 0 0 0 393 379 180 45 3 0 0 0 0 346 405 209 39 1 0 0 0 0 361 411 187 38 3 0 0 0 0 351 407 183 55 4 0 0 0 0 355 397 205 42 1 0 0 0 0 361 405 184 43 7 0 0 0 0
349 420 189 38 4 0 0 0 0 362 399 193 43 3 0 0 0 0 350 409 194 46 1 0 0 0 0 360 381 200 54 5 0 0 0 0 337 439 180 37 7 0 0 0 0 330 398 225 44 3 0 0 0 0 351 377 216 51 5 0 0 0 0
290 390 263 54 3 0 0 0 0 296 419 223 58 4 0 0 0 0 289 413 237 54 7 0 0 0 0 314 425 206 48 7 0 0 0 0 300 424 217 56 3 0 0 0 0 287 439 212 55 7 0 0 0 0 304 406 230 56 4 0 0 0 0
255 397 266 70 12 0 0 0 0 255 408 252 78 7 0 0 0 0 248 408 254 78 12 0 0 0 0 257 403 257 73 10 0 0 0 0 252 443 230 65 10 0 0 0 0 258 408 252 76 6 0 0 0 0 230 407 274 77 12 0 0 0 0
211 393 280 100 16 0 0 0 0 204 379 297 105 15 0 0 0 0 210 376 292 113 9 0 0 0 0 205 390 282 112 11 0 0 0 0 194 401 282 102 21 0 0 0 0 207 387 282 112 12 0 0 0 0 210 376 285 110 19 0 0 0 0
191 404 280 104 21 0 0 0 0 202 415 263 105 15 0 0 0 0 223 343 298 124 12 0 0 0 0 198 400 307 83 12 0 0 0 0 206 387 285 109 13 0 0 0 0 189 384 300 109 18 0 0 0 0 187 399 301 104 9 0 0 0 0
167 343 341 127 22 0 0 0 0 161 373 324 121 21 0 0 0 0 158 349 337 133 23 0 0 0 0 170 348 332 134 16 0 0 0 0 152 335 356 138 19 0 0 0 0 164 368 317 137 14 0 0 0 0 145 366 329 139 21 0 0 0 0
146 351 325 150 28 0 0 0 0 144 348 334 153 21 0 0 0 0 142 349 351 137 21 0 0 0 0 139 384 306 144 27 0 0 0 0 132 390 318 146 14 0 0 0 0 125 369 351 138 17 0 0 0 0 146 352 352 128 22 0 0 0 0
143 339 340 149 29 0 0 0 0 125 369 325 159 22 0 0 0 0 135 332 351 154 28 0 0 0 0 116 318 345 201 20 0 0 0 0 128 326 337 176 33 0 0 0 0 139 310 364 154 33 0 0 0 0 109 352 338 171 30 0 0 0 0
107 320 359 174 40 0 0 0 0 96 320 363 180 41 0 0 0 0 99 302 360 198 41 0 0 0 0 93 309 351 197 50 0 0 0 0 107 312 376 175 30 0 0 0 0 129 290 371 173 37 0 0 0 0 110 292 369 182 47 0 0 0 0
86 292 358 208 56 0 0 0 0 90 276 360 211 63 0 0 0 0 87 298 352 220 43 0 0 0 0 75 272 380 219 54 0 0 0 0 81 278 365 233 43 0 0 0 0 90 263 373 218 56 0 0 0 0 83 268 362 235 52 0 0 0 0
88 253 350 265 44 0 0 0 0 81 263 388 221 47 0 0 0 0 64 270 376 232 58 0 0 0 0 71 269 359 229 72 0 0 0 0 64 242 378 252 64 0 0 0 0 66 258 370 236 70 0 0 0 0 60 260 379 256 45 0 0 0 0
63 230 377 254 76 0 0 0 0 62 241 354 266 77 0 0 0 0 61 251 368 249 71 0 0 0 0 53 245 387 243 72 0 0 0 0 68 246 384 242 60 0 0 0 0 63 238 395 253 51 0 0 0 0 66 230 380 245 79 0 0 0 0
60 250 392 244 54 0 0 0 0 57 252 370 264 57 0 0 0 0 56 241 333 297 73 0 0 0 0 71 224 370 249 86 0 0 0 0 57 231 378 250 84 0 0 0 0 68 231 352 280 69 0 0 0 0 61 228 384 255 72 0 0 0 0
55 208 361 305 71 0 0 0 0 61 212 364 275 88 0 0 0 0 45 217 346 304 88 0 0 0 0 55 193 368 285 99 0 0 0 0 55 206 370 272 97 0 0 0 0 53 234 388 255 70 0 0 0 0 54 212 336 307 91 0 0 0 0
36 194 341 310 119 0 0 0 0 24 198 353 311 114 0 0 0 0 52 192 330 315 111 0 0 0 0 32 188 344 312 124 0 0 0 0 35 197 367 321 80 0 0 0 0 43 182 350 305 120 0 0 0 0 38 190 347 328 97 0 0 0 0
35 147 341 344 133 0 0 0 0 35 158 326 347 134 0 0 0 0 21 169 329 345 136 0 0 0 0 29 163 338 327 143 0 0 0 0 30 169 343 338 120 0 0 0 0 33 170 381 302 114 0 0 0 0 33 158 386 292 131 0 0 0 0
31 145 323 361 140 0 0 0 0 23 153 327 370 127 0 0 0 0 25 140 333 347 155 0 0 0 0 25 163 331 350 131 0 0 0 0 21 162 347 335 135 0 0 0 0 20 147 344 339 150 0 0 0 0 20 149 343 349 139 0 0 0 0
27 122 368 353 130 0 0 0 0 24 144 365 332 135 0 0 0 0 29 142 312 372 145 0 0 0 0 23 143 354 338 142 0 0 0 0 25 141 349 357 128 0 0 0 0 24 135 365 354 122 0 0 0 0 24 148 333 358 137 0 0 0 0
26 138 323 353 160 0 0 0 0 21 124 357 355 143 0 0 0 0 28 138 348 347 139 0 0 0 0 20 123 311 381 165 0 0 0 0 20 134 325 340 181 0 0 0 0 20 140 334 361 145 0 0 0 0 15 123 303 390 169 0 0 0 0
13 105 292 403 187 0 0 0 0 19 112 314 382 173 0 0 0 0 18 107 267 408 200 0 0 0 0 18 117 295 394 176 0 0 0 0 22 99 349 364 166 0 0 0 0 26 99 332 374 169 0 0 0 0 19 102 310 391 178 0 0 0 0
12 96 266 406 220 0 0 0 0 14 84 292 398 212 0 0 0 0 12 105 283 365 235 0 0 0 0 10 78 294 414 204 0 0 0 0 15 94 278 397 216 0 0 0 0 13 93 277 405 212 0 0 0 0 7 102 279 433 179 0 0 0 0
7 89 279 384 241 0 0 0 0 11 82 273 390 244 0 0 0 0 11 96 271 397 225 0 0 0 0 19 85 248 441 207 0 0 0 0 11 74 285 416 214 0 0 0 0 7 79 283 425 206 0 0 0 0 13 89 276 423 199 0 0 0 0
13 86 264 404 233 0 0 0 0 10 62 286 411 231 0 0 0 0 11 90 284 375 240 0 0 0 0 9 79 279 382 251 0 0 0 0 11 75 274 422 218 0 0 0 0 9 83 265 415 228 0 0 0 0 11 95 276 396 222 0 0 0 0
6 70 268 408 248 0 0 0 0 9 73 269 401 248 0 0 0 0 11 65 277 406 241 0 0 0 0 4 61 288 393 254 0 0 0 0 8 81 267 395 249 0 0 0 0 4 78 255 392 271 0 0 0 0 5 72 232 435 256 0 0 0 0
3 73 228 412 284 0 0 0 0 6 78 246 413 257 0 0 0 0 4 60 264 402 270 0 0 0 0 6 75 228 392 299 0 0 0 0 6 73 220 407 294 0 0 0 0 5 61 242 404 288 0 0 0 0 3 66 237 421 273 0 0 0 0
3 54 215 407 321 0 0 0 0 5 50 211 422 312 0 0 0 0 3 47 229 419 302 0 0 0 0 2 49 235 428 286 0 0 0 0 3 56 221 430 290 0 0 0 0 3 62 219 404 312 0 0 0 0 4 46 222 412 316 0 0 0 0
4 46 194 409 347 0 0 0 0 4 51 189 427 329 0 0 0 0 5 35 206 419 335 0 0 0 0 2 49 209 407 333 0 0 0 0 3 42 198 426 331 0 0 0 0 3 51 199 436 311 0 0 0 0 4 55 181 412 348 0 0 0 0
4 44 198 405 349 0 0 0 0 7 43 212 399 339 0 0 0 0 3 37 198 417 345 0 0 0 0 3 53 200 397 347 0 0 0 0 3 54 189 427 327 0 0 0 0 4 49 214 413 320 0 0 0 0 3 35 194 406 362 0 0 0 0
4 37 182 390 387 0 0 0 0 2 23 174 435 366 0 0 0 0 3 42 184 413 358 0 0 0 0 2 51 177 447 323 0 0 0 0 0 50 198 401 351 0 0 0 0 8 40 178 420 354 0 0 0 0 3 33 183 420 361 0 0 0 0
3 45 180 422 350 0 0 0 0 2 33 179 409 377 0 0 0 0 3 38 184 426 349 0 0 0 0 3 24 183 409 381 0 0 0 0 1 33 172 433 361 0 0 0 0 4 31 208 389 368 0 0 0 0 2 34 181 421 362 0 0 0 0
3 37 181 400 379 0 0 0 0 1 24 180 416 379 0 0 0 0 5 35 149 413 398 0 0 0 0 2 36 158 408 396 0 0 0 0 0 30 145 433 392 0 0 0 0 0 36 190 395 379 0 0 0 0 0 28 161 404 407 0 0 0 0
2 28 143 410 417 0 0 0 0 1 29 141 425 404 0 0 0 0 3 26 151 413 407 0 0 0 0 2 29 173 372 424 0 0 0 0 3 28 176 385 408 0 0 0 0 1 31 161 411 396 0 0 0 0 1 24 155 426 394 0 0 0 0
0 20 138 385 457 0 0 0 0 2 27 128 396 447 0 0 0 0 1 18 151 420 410 0 0 0 0 2 17 144 385 452 0 0 0 0 3 24 150 371 452 0 0 0 0 2 17 123 428 430 0 0 0 0 1 27 138 413 421 0 0 0 0
1 24 132 415 428 0 0 0 0 2 7 125 404 462 0 0 0 0 1 21 133 369 476 0 0 0 0 2 23 130 411 434 0 0 0 0 1 12 130 429 428 0 0 0 0 1 32 118 418 431 0 0 0 0 2 27 121 401 449 0 0 0 0
0 17 121 407 455 0 0 0 0 3 16 135 388 458 0 0 0 0 4 17 114 398 467 0 0 0 0 0 20 121 404 455 0 0 0 0 3 17 109 406 465 0 0 0 0 3 19 120 411 447 0 0 0 0 0 26 128 350 496 0 0 0 0
1 9 117 393 480 0 0 0 0 0 10 126 366 498 0 0 0 0 0 10 126 353 511 0 0 0 0 1 12 118 362 507 0 0 0 0 0 19 117 381 483 0 0 0 0 1 17 107 395 480 0 0 0 0 0 16 103 381 500 0 0 0 0
2 12 113 368 505 0 0 0 0 0 13 83 376 528 0 0 0 0 0 14 92 357 537 0 0 0 0 0 10 103 347 540 0 0 0 0 0 12 111 386 491 0 0 0 0 1 10 95 375 519 0 0 0 0 0 14 116 365 505 0 0 0 0
0 12 80 351 557 0 0 0 0 0 10 100 354 536 0 0 0 0 0 13 87 356 544 0 0 0 0 0 12 84 348 556 0 0 0 0 0 6 85 376 533 0 0 0 0 0 13 93 359 535 0 0 0 0 0 9 93 353 545 0 0 0 0
1 9 92 345 553 0 0 0 0 0 8 74 347 571 0 0 0 0 0 8 67 378 547 0 0 0 0 0 13 79 369 539 0 0 0 0 0 7 91 386 516 0 0 0 0 0 8 89 354 549 0 0 0 0 0 6 87 349 558 0 0 0 0
0 4 81 365 550 0 0 0 0 0 5 83 315 597 0 0 0 0 0 8 75 323 594 0 0 0 0 0 13 78 356 553 0 0 0 0 0 9 77 345 569 0 0 0 0 0 9 74 331 586 0 0 0 0 0 7 75 355 563 0 0 0 0
0 15 91 310 584 0 0 0 0 0 3 84 357 556 0 0 0 0 0 9 77 358 556 0 0 0 0 1 6 67 355 571 0 0 0 0 0 9 79 366 546 0 0 0 0 0 7 85 334 574 0 0 0 0 0 6 74 349 571 0 0 0 0
0 6 85 325 584 0 0 0 0 0 4 63 312 621 0 0 0 0 1 6 72 326 595 0 0 0 0 1 4 78 315 602 0 0 0 0 0 10 72 339 579 0 0 0 0 0 6 71 314 609 0 0 0 0 0 7 74 322 597 0 0 0 0
0 5 64 302 629 0 0 0 0 0 6 52 321 621 0 0 0 0 0 11 66 305 618 0 0 0 0 0 6 73 306 615 0 0 0 0 0 8 59 324 609 0 0 0 0 0 6 51 336 607 0 0 0 0 0 9 65 300 626 0 0 0 0
0 2 51 324 623 0 0 0 0 0 3 55 279 663 0 0 0 0 0 6 55 289 650 0 0 0 0 0 4 67 309 620 0 0 0 0 0 7 51 316 626 0 0 0 0 0 2 55 283 660 0 0 0 0 0 3 51 298 648 0 0 0 0
1 4 50 293 652 0 0 0 0 1 2 43 301 653 0 0 0 0 0 3 57 284 656 0 0 0 0 0 4 51 319 626 0 0 0 0 0 3 52 285 660 0 0 0 0 0 3 48 294 655 0 0 0 0 0 2 46 300 652 0 0 0 0
0 0 48 276 676 0 0 0 0 0 4 56 282 658 0 0 0 0 0 4 50 287 659 0 0 0 0 0 2 42 271 685 0 0 0 0 0 4 50 295 651 0 0 0 0 0 3 36 302 659 0 0 0 0 0 3 49 284 664 0 0 0 0
0 6 40 250 704 0 0 0 0 0 3 50 260 687 0 0 0 0 0 7 38 278 677 0 0 0 0 0 4 54 263 679 0 0 0 0 0 1 42 299 658 0 0 0 0 0 2 48 273 677 0 0 0 0 0 3 56 279 662 0 0 0 0
0 3 35 262 700 0 0 0 0 0 3 41 287 669 0 0 0 0 0 6 36 254 704 0 0 0 0 0 5 47 257 691 0 0 0 0 0 1 46 272 681 0 0 0 0 0 3 36 270 691 0 0 0 0 0 2 54 264 680 0 0 0 0
0 6 33 255 706 0 0 0 0 0 2 39 248 711 0 0 0 0 0 1 38 269 692 0 0 0 0 0 7 32 245 716 0 0 0 0 0 4 49 228 719 0 0 0 0 0 5 40 261 694 0 0 0 0 0 0 31 259 710 0 0 0 0
0 1 31 255 713 0 0 0 0 0 2 34 259 705 0 0 0 0 1 2 27 257 713 0 0 0 0 0 2 28 231 739 0 0 0 0 1 1 33 257 708 0 0 0 0 0 3 39 246 712 0 0 0 0 0 2 21 263 714 0 0 0 0
0 1 32 256 711 0 0 0 0 0 3 35 230 732 0 0 0 0 0 1 38 223 738 0 0 0 0 0 3 31 214 752 0 0 0 0 0 0 21 221 758 0 0 0 0 0 3 30 242 725 0 0 0 0 0 2 29 244 725 0 0 0 0
0 3 24 231 742 0 0 0 0 0 1 30 237 732 0 0 0 0 0 3 22 232 743 0 0 0 0 0 2 30 247 721 0 0 0 0 0 1 26 231 742 0 0 0 0 0 4 32 207 757 0 0 0 0 0 1 31 202 766 0 0 0 0
0 2 33 224 741 0 0 0 0 0 1 26 221 752 0 0 0 0 0 0 25 223 752 0 0 0 0 0 3 27 233 737 0 0 0 0 0 0 31 233 736 0 0 0 0 0 2 13 214 771 0 0 0 0 0 2 30 235 733 0 0 0 0
0 0 28 212 760 0 0 0 0 0 3 20 218 759 0 0 0 0 0 0 21 197 782 0 0 0 0 0 2 23 193 782 0 0 0 0 0 0 28 202 770 0 0 0 0 0 3 25 231 741 0 0 0 0 0 0 35 206 759 0 0 0 0
0 1 23 181 795 0 0 0 0 0 1 25 193 781 0 0 0 0 0 0 29 184 787 0 0 0 0 0 0 15 210 775 0 0 0 0 0 1 19 196 784 0 0 0 0 0 2 15 191 792 0 0 0 0 0 2 15 201 782 0 0 0 0
0 0 17 192 791 0 0 0 0 0 1 17 194 788 0 0 0 0 0 2 15 185 798 0 0 0 0 0 2 20 199 779 0 0 0 0 0 0 14 182 804 0 0 0 0 0 0 19 194 787 0 0 0 0 0 0 15 184 801 0 0 0 0
0 0 13 190 797 0 0 0 0 0 2 23 173 802 0 0 0 0 0 0 16 192 792 0 0 0 0 0 2 16 183 799 0 0 0 0 0 0 12 170 818 0 0 0 0 0 1 17 176 806 0 0 0 0 0 2 20 168 810 0 0 0 0
0 0 13 175 812 0 0 0 0 0 1 17 167 815 0 0 0 0 0 0 21 188 791 0 0 0 0 0 1 15 167 817 0 0 0 0 0 0 13 172 815 0 0 0 0 0 0 12 158 830 0 0 0 0 0 0 15 179 806 0 0 0 0
0 0 22 171 807 0 0 0 0 0 0 16 162 822 0 0 0 0 0 0 15 168 817 0 0 0 0 0 0 9 167 824 0 0 0 0 0 0 12 176 812 0 0 0 0 0 1 13 171 815 0 0 0 0 0 0 16 169 815 0 0 0 0
0 2 16 158 824 0 0 0 0 0 2 14 152 832 0 0 0 0 0 0 9 157 834 0 0 0 0 0 0 9 159 832 0 0 0 0 0 1 12 162 825 0 0 0 0 0 0 11 168 821 0 0 0 0 0 0 9 172 819 0 0 0 0
0 0 10 143 847 0 0 0 0 0 0 12 140 848 0 0 0 0 0 0 8 149 843 0 0 0 0 0 0 16 145 839 0 0 0 0 0 0 7 163 830 0 0 0 0 0 1 8 150 841 0 0 0 0 0 0 8 162 830 0 0 0 0
0 1 13 139 847 0 0 0 0 0 0 10 150 840 0 0 0 0 0 0 12 171 817 0 0 0 0 0 0 8 138 854 0 0 0 0 0 0 11 141 848 0 0 0 0 0 1 9 152 838 0 0 0 0 0 0 10 118 872 0 0 0 0
0 0 8 138 854 0 0 0 0 0 0 15 149 836 0 0 0 0 0 0 6 141 853 0 0 0 0 0 0 9 127 864 0 0 0 0 0 0 9 151 840 0 0 0 0 0 0 11 123 866 0 0 0 0 0 1 11 137 851 0 0 0 0
0 0 10 147 843 0 0 0 0 0 0 12 126 862 0 0 0 0 0 0 10 152 838 0 0 0 0 0 0 10 113 877 0 0 0 0 0 0 4 138 858 0 0 0 0 0 0 6 145 849 0 0 0 0 0 0 5 130 865 0 0 0 0
0 1 11 109 879 0 0 0 0 0 0 6 138 856 0 0 0 0 0 0 9 139 852 0 0 0 0 0 1 11 134 854 0 0 0 0 0 0 1 141 858 0 0 0 0 0 0 3 124 873 0 0 0 0 0 0 2 135 863 0 0 0 0
0 0 9 114 877 0 0 0 0 0 0 8 132 860 0 0 0 0 0 0 7 110 883 0 0 0 0 0 0 3 122 875 0 0 0 0 0 0 7 131 862 0 0 0 0 0 0 7 120 873 0 0 0 0 0 0 7 116 877 0 0 0 0
0 0 2 116 882 0 0 0 0 0 0 6 106 888 0 0 0 0 0 0 7 131 862 0 0 0 0 0 2 7 105 886 0 0 0 0 0 0 6 130 864 0 0 0 0 0 1 7 129 863 0 0 0 0 0 0 9 133 858 0 0 0 0
0 0 8 107 885 0 0 0 0 0 0 6 81 913 0 0 0 0 0 0 4 114 882 0 0 0 0 0 0 4 114 882 0 0 0 0 0 1 7 110 882 0 0 0 0 0 0 2 108 890 0 0 0 0 0 0 1 112 887 0 0 0 0
0 0 4 111 885 0 0 0 0 0 0 5 90 905 0 0 0 0 0 0 3 96 901 0 0 0 0 0 0 5 82 913 0 0 0 0 0 0 5 95 900 0 0 0 0 0 0 8 102 890 0 0 0 0 0 0 3 108 889 0 0 0 0
0 0 3 86 911 0 0 0 0 0 0 5 86 909 0 0 0 0 0 0 0 102 898 0 0 0 0 0 0 5 79 916 0 0 0 0 0 0 4 92 904 0 0 0 0 0 0 3 96 901 0 0 0 0 0 0 9 91 900 0 0 0 0
0 0 4 85 911 0 0 0 0 0 0 7 89 904 0 0 0 0 0 0 7 91 902 0 0 0 0 0 0 3 111 886 0 0 0 0 0 0 3 106 891 0 0 0 0 0 0 6 87 907 0 0 0 0 0 0 5 97 898 0 0 0 0
0 0 5 87 908 0 0 0 0 0 0 7 88 905 0 0 0 0 0 0 3 81 916 0 0 0 0 0 0 4 90 906 0 0 0 0 0 0 6 76 918 0 0 0 0 0 0 5 103 892 0 0 0 0 0 0 4 78 918 0 0 0 0
0 0 2 97 901 0 0 0 0 0 0 2 75 923 0 0 0 0 0 0 4 114 882 0 0 0 0 0 0 4 87 909 0 0 0 0 0 0 4 90 906 0 0 0 0 0 0 5 87 908 0 0 0 0 0 0 1 80 919 0 0 0 0
0 0 2 92 906 0 0 0 0 0 0 4 68 928 0 0 0 0 0 0 1 76 923 0 0 0 0 0 0 3 95 902 0 0 0 0 0 0 1 88 911 0 0 0 0 0 0 3 74 923 0 0 0 0 0 0 1 68 931 0 0 0 0
0 0 1 90 909 0 0 0 0 0 0 3 87 910 0 0 0 0 0 0 3 82 915 0 0 0 0 0 0 4 77 919 0 0 0 0 0 0 2 81 917 0 0 0 0 0 0 4 75 921 0 0 0 0 0 0 2 71 927 0 0 0 0
0 0 0 62 938 0 0 0 0 0 0 1 75 924 0 0 0 0 0 0 3 74 923 0 0 0 0 0 0 0 68 932 0 0 0 0 0 0 2 75 923 0 0 0 0 0 0 1 75 924 0 0 0 0 0 0 2 73 925 0 0 0 0
0 0 3 63 934 0 0 0 0 0 0 1 82 917 0 0 0 0 0 0 1 73 926 0 0 0 0 0 0 0 71 929 0 0 0 0 0 0 3 56 941 0 0 0 0 0 0 2 82 916 0 0 0 0 0 0 2 79 919 0 0 0 0
0 0 2 62 936 0 0 0 0 0 0 2 78 920 0 0 0 0 0 0 1 65 934 0 0 0 0 0 0 1 60 939 0 0 0 0 0 0 2 67 931 0 0 0 0 0 0 3 66 931 0 0 0 0 0 0 1 47 952 0 0 0 0
0 0 2 74 924 0 0 0 0 0 0 2 64 934 0 0 0 0 0 0 1 62 937 0 0 0 0 0 0 0 52 948 0 0 0 0 0 0 2 47 951 0 0 0 0 0 0 1 66 933 0 0 0 0 0 0 2 58 940 0 0 0 0
0 0 0 56 944 0 0 0 0 0 0 0 57 943 0 0 0 0 0 0 2 62 936 0 0 0 0 0 0 0 53 947 0 0 0 0 0 0 1 56 943 0 0 0 0 0 0 3 66 931 0 0 0 0 0 0 4 62 934 0 0 0 0
0 0 0 44 956 0 0 0 0 0 0 1 45 954 0 0 0 0 0 0 0 56 944 0 0 0 0 0 0 0 52 948 0 0 0 0 0 0 1 54 945 0 0 0 0 0 0 1 53 946 0 0 0 0 0 0 1 43 956 0 0 0 0
0 0 2 49 949 0 0 0 0 0 0 1 50 949 0 0 0 0 0 0 0 70 930 0 0 0 0 0 0 2 55 943 0 0 0 0 0 0 0 55 945 0 0 0 0 0 0 0 60 940 0 0 0 0 0 0 2 38 960 0 0 0 0
0 0 2 54 944 0 0 0 0 0 0 0 57 943 0 0 0 0 0 0 2 64 934 0 0 0 0 0 0 0 53 947 0 0 0 0 0 0 2 46 952 0 0 0 0 0 0 0 56 944 0 0 0 0 0 0 3 42 955 0 0 0 0
0 0 2 48 950 0 0 0 0 0 0 2 44 954 0 0 0 0 0 0 1 33 966 0 0 0 0 0 0 1 52 947 0 0 0 0 0 0 2 64 934 0 0 0 0 0 0 1 38 961 0 0 0 0 0 0 2 43 955 0 0 0 0
0 0 0 48 952 0 0 0 0 0 0 2 49 949 0 0 0 0 0 0 2 44 954 0 0 0 0 0 0 0 53 947 0 0 0 0 0 0 1 54 945 0 0 0 0 0 0 2 48 950 0 0 0 0 0 0 1 45 954 0 0 0 0
0 0 0 54 946 0 0 0 0 0 0 2 43 955 0 0 0 0 0 0 1 40 959 0 0 0 0 0 0 1 44 955 0 0 0 0 0 0 0 42 958 0 0 0 0 0 0 1 42 957 0 0 0 0 0 0 1 53 946 0 0 0 0
0 0 0 38 962 0 0 0 0 0 0 0 42 958 0 0 0 0 0 0 0 38 962 0 0 0 0 0 0 0 41 959 0 0 0 0 0 0 0 34 966 0 0 0 0 0 0 1 43 956 0 0 0 0 0 0 1 40 959 0 0 0 0
0 0 0 42 958 0 0 0 0 0 0 0 31 969 0 0 0 0 0 0 2 49 949 0 0 0 0 0 0 0 45 955 0 0 0 0 0 0 0 37 963 0 0 0 0 0 0 1 50 949 0 0 0 0 0 0 1 39 960 0 0 0 0
0 0 0 24 976 0 0 0 0 0 0 0 29 971 0 0 0 0 0 0 1 36 963 0 0 0 0 0 0 1 38 961 0 0 0 0 0 0 0 31 969 0 0 0 0 0 0 1 38 961 0 0 0 0 0 0 1 39 960 0 0 0 0
0 0 0 42 958 0 0 0 0 0 0 1 34 965 0 0 0 0 0 0 0 30 970 0 0 0 0 0 0 1 27 972 0 0 0 0 0 0 0 49 951 0 0 0 0 0 0 0 27 973 0 0 0 0 0 0 0 25 975 0 0 0 0
0 0 0 21 979 0 0 0 0 0 0 1 37 962 0 0 0 0 0 0 0 25 975 0 0 0 0 0 0 0 33 967 0 0 0 0 0 0 1 27 972 0 0 0 0 0 0 1 36 963 0 0 0 0 0 0 0 35 965 0 0 0 0
0 0 0 20 980 0 0 0 0 0 0 1 30 969 0 0 0 0 0 0 1 36 963 0 0 0 0 0 0 1 30 969 0 0 0 0 0 0 0 41 959 0 0 0 0 0 0 0 23 977 0 0 0 0 0 0 1 25 974 0 0 0 0
0 0 1 33 966 0 0 0 0 0 0 1 30 969 0 0 0 0 0 0 0 22 978 0 0 0 0 0 0 0 33 967 0 0 0 0 0 0 0 26 974 0 0 0 0 0 0 0 36 964 0 0 0 0 0 0 0 20 980 0 0 0 0
0 0 0 20 980 0 0 0 0 0 0 1 31 968 0 0 0 0 0 0 0 25 975 0 0 0 0 0 0 0 25 975 0 0 0 0 0 0 0 25 975 0 0 0 0 0 0 0 29 971 0 0 0 0 0 0 0 25 975 0 0 0 0
0 0 0 23 977 0 0 0 0 0 0 0 15 985 0 0 0 0 0 0 0 25 975 0 0 0 0 0 0 0 34 966 0 0 0 0 0 0 0 29 971 0 0 0 0 0 0 0 16 984 0 0 0 0 0 0 0 15 985 0 0 0 0
0 0 0 24 976 0 0 0 0 0 0 0 19 981 0 0 0 0 0 0 0 34 966 0 0 0 0 0 0 0 30 970 0 0 0 0 0 0 0 21 979 0 0 0 0 0 0 0 24 976 0 0 0 0 0 0 0 20 980 0 0 0 0
0 0 0 24 976 0 0 0 0 0 0 0 26 974 0 0 0 0 0 0 0 26 974 0 0 0 0 0 0 0 25 975 0 0 0 0 0 0 1 25 974 0 0 0 0 0 0 0 33 967 0 0 0 0 0 0 1 10 989 0 0 0 0
0 0 0 28 972 0 0 0 0 0 0 0 24 976 0 0 0 0 0 0 0 31 969 0 0 0 0 0 0 0 22 978 0 0 0 0 0 0 0 18 982 0 0 0 0 0 0 0 27 973 0 0 0 0 0 0 0 20 980 0 0 0 0
0 0 0 24 976 0 0 0 0 0 0 0 13 987 0 0 0 0 0 0 1 18 981 0 0 0 0 0 0 0 16 984 0 0 0 0 0 0 0 19 981 0 0 0 0 0 0 0 15 985 0 0 0 0 0 0 0 18 982 0 0 0 0
0 0 0 21 979 0 0 0 0 0 0 0 22 978 0 0 0 0 0 0 0 22 978 0 0 0 0 0 0 0 21 979 0 0 0 0 0 0 0 19 981 0 0 0 0 0 0 1 18 981 0 0 0 0 0 0 0 17 983 0 0 0 0
0 0 0 17 983 0 0 0 0 0 0 0 21 979 0 0 0 0 0 0 0 14 986 0 0 0 0 0 0 0 18 982 0 0 0 0 0 0 1 25 974 0 0 0 0 0 0 1 22 977 0 0 0 0 0 0 0 18 982 0 0 0 0
0 0 0 8 992 0 0 0 0 0 0 0 16 984 0 0 0 0 0 0 0 20 980 0 0 0 0 0 0 0 17 983 0 0 0 0 0 0 0 24 976 0 0 0 0 0 0 0 18 982 0 0 0 0 0 0 0 23 977 0 0 0 0
0 0 0 13 987 0 0 0 0 0 0 1 14 985 0 0 0 0 0 0 0 17 983 0 0 0 0 0 0 0 17 983 0 0 0 0 0 0 0 13 987 0 0 0 0 0 0 0 17 983 0 0 0 0 0 0 0 19 981 0 0 0 0
0 0 1 10 989 0 0 0 0 0 0 0 23 977 0 0 0 0 0 0 0 16 984 0 0 0 0 0 0 0 12 988 0 0 0 0 0 0 1 13 986 0 0 0 0 0 0 0 10 990 0 0 0 0 0 0 0 25 975 0 0 0 0
0 0 0 17 983 0 0 0 0 0 0 0 15 985 0 0 0 0 0 0 0 10 990 0 0 0 0 0 0 0 9 991 0 0 0 0 0 0 0 15 985 0 0 0 0 0 0 0 14 986 0 0 0 0 0 0 0 23 977 0 0 0 0
0 0 0 13 987 0 0 0 0 0 0 0 11 989 0 0 0 0 0 0 0 12 988 0 0 0 0 0 0 0 27 973 0 0 0 0 0 0 0 17 983 0 0 0 0 0 0 0 14 986 0 0 0 0 0 0 0 16 984 0 0 0 0
0 0 0 16 984 0 0 0 0 0 0 0 16 984 0 0 0 0 0 0 0 16 984 0 0 0 0 0 0 0 15 985 0 0 0 0 0 0 0 8 992 0 0 0 0 0 0 0 8 992 0 0 0 0 0 0 0 15 985 0 0 0 0
0 0 0 10 990 0 0 0 0 0 0 0 15 985 0 0 0 0 0 0 0 13 987 0 0 0 0 0 0 0 12 988 0 0 0 0 0 0 0 13 987 0 0 0 0 0 0 0 16 984 0 0 0 0 0 0 0 15 985 0 0 0 0
0 0 0 15 985 0 0 0 0 0 0 0 12 988 0 0 0 0 0 0 0 13 987 0 0 0 0 0 0 0 13 987 0 0 0 0 0 0 0 14 986 0 0 0 0 0 0 0 10 990 0 0 0 0 0 0 0 12 988 0 0 0 0
0 0 0 10 990 0 0 0 0 0 0 0 9 991 0 0 0 0 0 0 0 14 986 0 0 0 0 0 0 0 8 992 0 0 0 0 0 0 0 10 990 0 0 0 0 0 0 0 15 985 0 0 0 0 0 0 0 13 987 0 0 0 0
0 0 0 7 993 0 0 0 0 0 0 0 10 990 0 0 0 0 0 0 0 5 995 0 0 0 0 0 0 0 11 989 0 0 0 0 0 0 0 13 987 0 0 0 0 0 0 0 7 993 0 0 0 0 0 0 1 8 991 0 0 0 0
0 0 0 6 994 0 0 0 0 0 0 0 10 990 0 0 0 0 0 0 0 8 992 0 0 0 0 0 0 0 9 991 0 0 0 0 0 0 0 10 990 0 0 0 0 0 0 0 7 993 0 0 0 0 0 0 0 10 990 0 0 0 0
0 0 0 11 989 0 0 0 0 0 0 1 6 993 0 0 0 0 0 0 0 8 992 0 0 0 0 0 0 0 6 994 0 0 0 0 0 0 0 13 987 0 0 0 0 0 0 0 6 994 0 0 0 0 0 0 0 7 993 0 0 0 0
0 0 0 6 994 0 0 0 0 0 0 0 8 992 0 0 0 0 0 0 0 6 994 0 0 0 0 0 0 0 11 989 0 0 0 0 0 0 0 11 989 0 0 0 0 0 0 0 6 994 0 0 0 0 0 0 0 4 996 0 0 0 0
0 0 0 8 992 0 0 0 0 0 0 0 5 995 0 0 0 0 0 0 0 8 992 0 0 0 0 0 0 0 10 990 0 0 0 0 0 0 0 11 989 0 0 0 0 0 0 0 7 993 0 0 0 0 0 0 0 5 995 0 0 0 0
0 0 0 8 992 0 0 0 0 0 0 0 6 994 0 0 0 0 0 0 0 9 991 0 0 0 0 0 0 0 1 999 0 0 0 0 0 0 0 6 994 0 0 0 0 0 0 0 11 989 0 0 0 0 0 0 0 9 991 0 0 0 0
0 0 0 5 995 0 0 0 0 0 0 0 5 995 0 0 0 0 0 0 0 10 990 0 0 0 0 0 0 0 14 986 0 0 0 0 0 0 0 6 994 0 0 0 0 0 0 0 9 991 0 0 0 0 0 0 0 8 992 0 0 0 0
0 0 0 5 995 0 0 0 0 0 0 0 8 992 0 0 0 0 0 0 0 4 996 0 0 0 0 0 0 0 3 997 0 0 0 0 0 0 0 9 991 0 0 0 0 0 0 0 7 993 0 0 0 0 0 0 0 11 989 0 0 0 0
0 0 0 6 994 0 0 0 0 0 0 0 8 992 0 0 0 0 0 0 0 4 996 0 0 0 0 0 0 0 4 996 0 0 0 0 0 0 0 6 994 0 0 0 0 0 0 0 5 995 0 0 0 0 0 0 0 6 994 0 0 0 0
0 0 0 8 992 0 0 0 0 0 0 0 8 992 0 0 0 0 0 0 0 7 993 0 0 0 0 0 0 0 5 995 0 0 0 0 0 0 0 8 992 0 0 0 0 0 0 0 8 992 0 0 0 0 0 0 0 3 997 0 0 0 0
0 0 0 6 994 0 0 0 0 0 0 0 4 996 0 0 0 0 0 0 0 7 993 0 0 0 0 0 0 0 5 995 0 0 0 0 0 0 0 7 993 0 0 0 0 0 0 0 4 996 0 0 0 0 0 0 0 6 994 0 0 0 0
0 0 0 11 989 0 0 0 0 0 0 0 11 989 0 0 0 0 0 0 0 8 992 0 0 0 0 0 0 0 6 994 0 0 0 0 0 0 0 7 993 0 0 0 0 0 0 0 2 998 0 0 0 0 0 0 0 3 997 0 0 0 0
0 0 0 10 990 0 0 0 0 0 0 0 4 996 0 0 0 0 0 0 0 5 995 0 0 0 0 0 0 0 3 997 0 0 0 0 0 0 0 4 996 0 0 0 0 0 0 0 6 994 0 0 0 0 0 0 0 6 994 0 0 0 0
0 0 0 7 993 0 0 0 0 0 0 0 2 998 0 0 0 0 0 0 0 5 995 0 0 0 0 0 0 0 8 992 0 0 0 0 0 0 0 4 996 0 0 0 0 0 0 0 4 996 0 0 0 0 0 0 0 1 999 0 0 0 0
0 0 0 9 991 0 0 0 0 0 0 0 1 999 0 0 0 0 0 0 0 4 996 0 0 0 0 0 0 0 4 996 0 0 0 0 0 0 0 2 998 0 0 0 0 0 0 0 3 997 0 0 0 0 0 0 0 3 997 0 0 0 0
0 0 0 4 996 0 0 0 0 0 0 0 9 991 0 0 0 0 0 0 0 4 996 0 0 0 0 0 0 0 5 995 0 0 0 0 0 0 0 4 996 0 0 0 0 0 0 0 4 996 0 0 0 0 0 0 0 5 995 0 0 0 0
0 0 0 4 996 0 0 0 0 0 0 0 4 996 0 0 0 0 0 0 0 3 997 0 0 0 0 0 0 0 5 995 0 0 0 0 0 0 0 2 998 0 0 0 0 0 0 0 5 995 0 0 0 0 0 0 0 9 991 0 0 0 0
0 0 0 4 996 0 0 0 0 0 0 0 3 997 0 0 0 0 0 0 0 1 999 0 0 0 0 0 0 0 8 992 0 0 0 0 0 0 0 1 999 0 0 0 0 0 0 0 3 997 0 0 0 0 0 0 0 2 998 0 0 0 0
0 0 0 4 996 0 0 0 0 0 0 0 1 999 0 0 0 0 0 0 0 5 995 0 0 0 0 0 0 0 2 998 0 0 0 0 0 0 0 1 999 0 0 0 0 0 0 0 2 998 0 0 0 0 0 0 0 6 994 0 0 0 0
0 0 0 2 998 0 0 0 0 0 0 0 0 1000 0 0 0 0 0 0 0 3 997 0 0 0 0 0 0 0 6 994 0 0 0 0 0 0 0 5 995 0 0 0 0 0 0 0 4 996 0 0 0 0 0 0 0 4 996 0 0 0 0
0 0 0 3 997 0 0 0 0 0 0 0 3 997 0 0 0 0 0 0 0 1 999 0 0 0 0 0 0 0 9 991 0 0 0 0 0 0 0 4 996 0 0 0 0 0 0 0 4 996 0 0 0 0 0 0 0 7 993 0 0 0 0
0 0 0 1 999 0 0 0 0 0 0 0 5 995 0 0 0 0 0 0 0 2 998 0 0 0 0 0 0 0 3 997 0 0 0 0 0 0 0 2 998 0 0 0 0 0 0 0 2 998 0 0 0 0 0 0 0 4 996 0 0 0 0
0 0 0 1 999 0 0 0 0 0 0 0 1 999 0 0 0 0 0 0 0 1 999 0 0 0 0 0 0 0 1 999 0 0 0 0 0 0 0 5 995 0 0 0 0 0 0 0 4 996 0 0 0 0 0 0 0 1 999 0 0 0 0
0 0 0 3 997 0 0 0 0 0 0 0 3 997 0 0 0 0 0 0 0 4 996 0 0 0 0 0 0 0 4 996 0 0 0 0 0 0 0 4 996 0 0 0 0 0 0 0 2 998 0 0 0 0 0 0 0 3 997 0 0 0 0
0 0 0 4 996 0 0 0 0 0 0 0 1 999 0 0 0 0 0 0 0 5 995 0 0 0 0 0 0 0 2 998 0 0 0 0 0 0 0 0 1000 0 0 0 0 0 0 0 3 997 0 0 0 0 0 0 0 1 999 0 0 0 0
0 0 0 2 998 0 0 0 0 0 0 0 3 997 0 0 0 0 0 0 0 1 999 0 0 0 0 0 0 0 6 994 0 0 0 0 0 0 0 4 996 0 0 0 0 0 0 0 4 996 0 0 0 0 0 0 0 1 999 0 0 0 0
0 0 0 2 998 0 0 0 0 0 0 0 3 997 0 0 0 0 0 0 0 3 997 0 0 0 0 0 0 0 6 994 0 0 0 0 0 0 0 1 999 0 0 0 0 0 0 0 1 999 0 0 0 0 0 0 0 2 998 0 0 0 0
0 0 0 0 1000 0 0 0 0 0 0 0 1 999 0 0 0 0 0 0 0 3 997 0 0 0 0 0 0 0 4 996 0 0 0 0 0 0 0 0 1000 0 0 0 0 0 0 0 2 998 0 0 0 0 0 0 0 0 1000 0 0 0 0
0 0 0 3 997 0 0 0 0 0 0 0 2 998 0 0 0 0 0 0 0 4 996 0 0 0 0 0 0 0 1 999 0 0 0 0 0 0 0 1 999 0 0 0 0 0 0 0 1 999 0 0 0 0 0 0 0 4 996 0 0 0 0
0 0 0 2 998 0 0 0 0 0 0 0 1 999 0 0 0 0 0 0 0 1 999 0 0 0 0 0 0 0 1 999 0 0 0 0 0 0 0 0 1000 0 0 0 0 0 0 0 1 999 0 0 0 0 0 0 0 1 999 0 0 0 0
0 0 0 5 995 0 0 0 0 0 0 0 2 998 0 0 0 0 0 0 0 2 998 0 0 0 0 0 0 0 4 996 0 0 0 0 0 0 0 3 997 0 0 0 0 0 0 0 3 997 0 0 0 0 0 0 0 4 996 0 0 0 0
0 0 0 1 999 0 0 0 0 0 0 0 5 995 0 0 0 0 0 0 0 3 997 0 0 0 0 0 0 0 0 1000 0 0 0 0 0 0 0 3 997 0 0 0 0 0 0 0 2 998 0 0 0 0 0 0 0 1 999 0 0 0 0
0 0 0 2 998 0 0 0 0 0 0 0 3 997 0 0 0 0 0 0 0 2 998 0 0 0 0 0 0 0 2 998 0 0 0 0 0 0 0 3 997 0 0 0 0 0 0 0 3 997 0 0 0 0 0 0 0 0 1000 0 0 0 0
0 0 0 2 998 0 0 0 0 0 0 0 1 999 0 0 0 0 0 0 0 4 996 0 0 0 0 0 0 0 1 999 0 0 0 0 0 0 0 1 999 0 0 0 0 0 0 0 1 999 0 0 0 0 0 0 0 1 999 0 0 0 0
0 0 0 4 996 0 0 0 0 0 0 0 2 998 0 0 0 0 0 0 0 1 999 0 0 0 0 0 0 0 0 1000 0 0 0 0 0 0 0 0 1000 0 0 0 0 0 0 0 2 998 0 0 0 0 0 0 0 2 998 0 0 0 0
0 0 0 0 1000 0 0 0 0 0 0 0 3 997 0 0 0 0 0 0 0 0 1000 0 0 0 0 0 0 0 0 1000 0 0 0 0 0 0 0 1 999 0 0 0 0 0 0 0 0 1000 0 0 0 0 0 0 0 2 998 0 0 0 0
0 0 0 2 998 0 0 0 0 0 0 0 2 998 0 0 0 0 0 0 0 3 997 0 0 0 0 0 0 0 0 1000 0 0 0 0 0 0 0 0 1000 0 0 0 0 0 0 0 3 997 0 0 0 0 0 0 0 1 999 0 0 0 0
0 0 0 1 999 0 0 0 0 0 0 0 1 999 0 0 0 0 0 0 0 2 998 0 0 0 0 0 0 0 0 1000 0 0 0 0 0 0 0 0 1000 0 0 0 0 0 0 0 3 997 0 0 0 0 0 0 0 0 1000 0 0 0 0
0 0 0 1 999 0 0 0 0 0 0 0 4 996 0 0 0 0 0 0 0 0 1000 0 0 0 0 0 0 0 1 999 0 0 0 0 0 0 0 1 999 0 0 0 0 0 0 0 0 1000 0 0 0 0 0 0 0 3 997 0 0 0 0
0 0 0 2 998 0 0 0 0 0 0 0 0 1000 0 0 0 0 0 0 0 2 998 0 0 0 0 0 0 0 0 1000 0 0 0 0 0 0 0 1 999 0 0 0 0 0 0 0 0 1000 0 0 0 0 0 0 0 1 999 0 0 0 0
0 0 0 1 999 0 0 0 0 0 0 0 0 1000 0 0 0 0 0 0 0 0 1000 0 0 0 0 0 0 0 0 1000 0 0 0 0 0 0 0 1 999 0 0 0 0 0 0 0 2 998 0 0 0 0 0 0 0 1 999 0 0 0 0
0 0 0 1 999 0 0 0 0 0 0 0 0 1000 0 0 0 0 0 0 0 1 999 0 0 0 0 0 0 0 3 997 0 0 0 0 0 0 0 0 1000 0 0 0 0 0 0 0 1 999 0 0 0 0 0 0 0 1 999 0 0 0 0
0 0 0 2 998 0 0 0 0 0 0 0 2 998 0 0 0 0 0 0 0 0 1000 0 0 0 0 0 0 0 0 1000 0 0 0 0 0 0 0 0 1000 0 0 0 0 0 0 0 0 1000 0 0 0 0 0 0 0 0 1000 0 0 0 0
0 0 0 3 997 0 0 0 0 0 0 0 0 1000 0 0 0 0 0 0 0 1 999 0 0 0 0 0 0 0 1 999 0 0 0 0 0 0 0 2 998 0 0 0 0 0 0 0 2 998 0 0 0 0 0 0 0 0 1000 0 0 0 0
0 0 0 1 999 0 0 0 0 0 0 0 0 1000 0 0 0 0 0 0 0 0 1000 0 0 0 0 0 0 0 1 999 0 0 0 0 0 0 0 1 999 0 0 0 0 0 0 0 0 1000 0 0 0 0 0 0 0 1 999 0 0 0 0
0 0 0 2 998 0 0 0 0 0 0 0 1 999 0 0 0 0 0 0 0 0 1000 0 0 0 0 0 0 0 0 1000 0 0 0 0 0 0 0 1 999 0 0 0 0 0 0 0 2 998 0 0 0 0 0 0 0 1 999 0 0 0 0
0 0 0 0 1000 0 0 0 0 0 0 0 0 1000 0 0 0 0 0 0 0 2 998 0 0 0 0 0 0 0 1 999 0 0 0 0 0 0 0 0 1000 0 0 0 0 0 0 0 0 1000 0 0 0 0 0 0 0 0 1000 0 0 0 0
0 0 0 0 1000 0 0 0 0 0 0 0 0 1000 0 0 0 0 0 0 0 0 1000 0 0 0 0 0 0 0 2 998 0 0 0 0 0 0 0 0 1000 0 0 0 0 0 0 0 0 1000 0 0 0 0 0 0 0 2 998 0 0 0 0
0 0 0 0 1000 0 0 0 0 0 0 0 1 999 0 0 0 0 0 0 0 0 1000 0 0 0 0 0 0 0 2 998 0 0 0 0 0 0 0 3 997 0 0 0 0 0 0 0 0 1000 0 0 0 0 0 0 0 0 1000 0 0 0 0
0 0 0 0 1000 0 0 0 0 0 0 0 1 999 0 0 0 0 0 0 0 0 1000 0 0 0 0 0 0 0 0 1000 0 0 0 0 0 0 0 2 998 0 0 0 0 0 0 0 0 1000 0 0 0 0 0 0 0 2 998 0 0 0 0
0 0 0 0 1000 0 0 0 0 0 0 0 0 1000 0 0 0 0 0 0 0 1 999 0 0 0 0 0 0 0 1 999 0 0 0 0 0 0 0 1 999 0 0 0 0 0 0 0 0 1000 0 0 0 0 0 0 0 1 999 0 0 0 0
0 0 0 0 1000 0 0 0 0 0 0 0 0 1000 0 0 0 0 0 0 0 0 1000 0 0 0 0 0 0 0 0 1000 0 0 0 0 0 0 0 0 1000 0 0 0 0 0 0 0 0 1000 0 0 0 0 0 0 0 0 1000 0 0 0 0
0 0 0 1 999 0 0 0 0 0 0 0 1 999 0 0 0 0 0 0 0 0 1000 0 0 0 0 0 0 0 1 999 0 0 0 0 0 0 0 0 1000 0 0 0 0 0 0 0 0 1000 0 0 0 0 0 0 0 1 999 0 0 0 0
0 0 0 1 999 0 0 0 0 0 0 0 0 1000 0 0 0 0 0 0 0 0 1000 0 0 0 0 0 0 0 1 999 0 0 0 0 0 0 0 0 1000 0 0 0 0 0 0 0 0 1000 0 0 0 0 0 0 0 0 1000 0 0 0 0
0 0 0 0 1000 0 0 0 0 0 0 0 0 1000 0 0 0 0 0 0 0 1 999 0 0 0 0 0 0 0 0 1000 0 0 0 0 0 0 0 1 999 0 0 0 0 0 0 0 0 1000 0 0 0 0 0 0 0 0 1000 0 0 0 0
0 0 0 2 998 0 0 0 0 0 0 0 2 998 0 0 0 0 0 0 0 0 1000 0 0 0 0 0 0 0 0 1000 0 0 0 0 0 0 0 0 1000 0 0 0 0 0 0 0 0 1000 0 0 0 0 0 0 0 0 1000 0 0 0 0
0 0 0 0 1000 0 0 0 0 0 0 0 1 999 0 0 0 0 0 0 0 0 1000 0 0 0 0 0 0 0 0 1000 0 0 0 0 0 0 0 0 1000 0 0 0 0 0 0 0 0 1000 0 0 0 0 0 0 0 0 1000 0 0 0 0
0 0 0 0 1000 0 0 0 0 0 0 0 0 1000 0 0 0 0 0 0 0 0 1000 0 0 0 0 0 0 0 0 1000 0 0 0 0 0 0 0 0 1000 0 0 0 0 0 0 0 0 1000 0 0 0 0 0 0 0 0 1000 0 0 0 0
0 0 0 0 1000 0 0 0 0 0 0 0 0 1000 0 0 0 0 0 0 0 1 999 0 0 0 0 0 0 0 0 1000 0 0 0 0 0 0 0 0 1000 0 0 0 0 0 0 0 0 1000 0 0 0 0 0 0 0 0 1000 0 0 0 0
0 0 0 1 999 0 0 0 0 0 0 0 1 999 0 0 0 0 0 0 0 0 1000 0 0 0 0 0 0 0 0 1000 0 0 0 0 0 0 0 0 1000 0 0 0 0 0 0 0 0 1000 0 0 0 0 0 0 0 0 1000 0 0 0 0
0 0 0 0 1000 0 0 0 0 0 0 0 0 1000 0 0 0 0 0 0 0 0 1000 0 0 0 0 0 0 0 0 1000 0 0 0 0 0 0 0 0 1000 0 0 0 0 0 0 0 0 1000 0 0 0 0 0 0 0 1 999 0 0 0 0
0 0 0 0 1000 0 0 0 0 0 0 0 1 999 0 0 0 0 0 0 0 1 999 0 0 0 0 0 0 0 0 1000 0 0 0 0 0 0 0 0 1000 0 0 0 0 0 0 0 1 999 0 0 0 0 0 0 0 1 999 0 0 0 0
0 0 0 0 1000 0 0 0 0 0 0 0 0 1000 0 0 0 0 0 0 0 0 1000 0 0 0 0 0 0 0 0 1000 0 0 0 0 0 0 0 0 1000 0 0 0 0 0 0 0 1 999 0 0 0 0 0 0 0 0 1000 0 0 0 0
0 0 0 1 999 0 0 0 0 0 0 0 0 1000 0 0 0 0 0 0 0 1 999 0 0 0 0 0 0 0 0 1000 0 0 0 0 0 0 0 0 1000 0 0 0 0 0 0 0 0 1000 0 0 0 0 0 0 0 0 1000 0 0 0 0
0 0 0 0 1000 0 0 0 0 0 0 0 0 1000 0 0 0 0 0 0 0 0 1000 0 0 0 0 0 0 0 0 1000 0 0 0 0 0 0 0 0 1000 0 0 0 0 0 0 0 0 1000 0 0 0 0 0 0 0 0 1000 0 0 0 0
0 0 0 1 999 0 0 0 0 0 0 0 0 1000 0 0 0 0 0 0 0 0 1000 0 0 0 0 0 0 0 0 1000 0 0 0 0 0 0 0 0 1000 0 0 0 0 0 0 0 0 1000 0 0 0 0 0 0 0 0 1000 0 0 0 0
0 0 0 0 1000 0 0 0 0 0 0 0 1 999 0 0 0 0 0 0 0 0 1000 0 0 0 0 0 0 0 1 999 0 0 0 0 0 0 0 0 1000 0 0 0 0 0 0 0 0 1000 0 0 0 0 0 0 0 0 1000 0 0 0 0
0 0 0 1 999 0 0 0 0 0 0 0 0 1000 0 0 0 0 0 0 0 1 999 0 0 0 0 0 0 0 0 1000 0 0 0 0 0 0 0 0 1000 0 0 0 0 0 0 0 0 1000 0 0 0 0 0 0 0 0 1000 0 0 0 0
0 0 0 1 999 0 0 0 0 0 0 0 0 1000 0 0 0 0 0 0 0 1 999 0 0 0 0 0 0 0 0 1000 0 0 0 0 0 0 0 0 1000 0 0 0 0 0 0 0 0 1000 0 0 0 0 0 0 0 0 1000 0 0 0 0
0 0 0 0 1000 0 0 0 0 0 0 0 0 1000 0 0 0 0 0 0 0 1 999 0 0 0 0 0 0 0 0 1000 0 0 0 0 0 0 0 1 999 0 0 0 0 0 0 0 0 1000 0 0 0 0 0 0 0 1 999 0 0 0 0
0 0 0 1 999 0 0 0 0 0 0 0 0 1000 0 0 0 0 0 0 0 0 1000 0 0 0 0 0 0 0 0 1000 0 0 0 0 0 0 0 0 1000 0 0 0 0 0 0 0 0 1000 0 0 0 0 0 0 0 0 1000 0 0 0 0
0 0 0 1 999 0 0 0 0 0 0 0 0 1000 0 0 0 0 0 0 0 0 1000 0 0 0 0 0 0 0 0 1000 0 0 0 0 0 0 0 0 1000 0 0 0 0 0 0 0 0 1000 0 0 0 0 0 0 0 0 1000 0 0 0 0
0 0 0 0 1000 0 0 0 0 0 0 0 1 999 0 0 0 0 0 0 0 0 1000 0 0 0 0 0 0 0 0 1000 0 0 0 0 0 0 0 0 1000 0 0 0 0 0 0 0 0 1000 0 0 0 0 0 0 0 1 999 0 0 0 0
0 0 0 0 1000 0 0 0 0 0 0 0 0 1000 0 0 0 0 0 0 0 0 1000 0 0 0 0 0 0 0 1 999 0 0 0 0 0 0 0 1 999 0 0 0 0 0 0 0 0 1000 0 0 0 0 0 0 0 0 1000 0 0 0 0
0 0 0 2 998 0 0 0 0 0 0 0 1 999 0 0 0 0 0 0 0 1 999 0 0 0 0 0 0 0 0 1000 0 0 0 0 0 0 0 0 1000 0 0 0 0 0 0 0 0 1000 0 0 0 0 0 0 0 0 1000 0 0 0 0
0 0 0 0 1000 0 0 0 0 0 0 0 0 1000 0 0 0 0 0 0 0 0 1000 0 0 0 0 0 0 0 0 1000 0 0 0 0 0 0 0 0 1000 0 0 0 0 0 0 0 0 1000 0 0 0 0 0 0 0 0 1000 0 0 0 0
0 0 0 0 1000 0 0 0 0 0 0 0 1 999 0 0 0 0 0 0 0 0 1000 0 0 0 0 0 0 0 0 1000 0 0 0 0 0 0 0 0 1000 0 0 0 0 0 0 0 0 1000 0 0 0 0 0 0 0 1 999 0 0 0 0
0 0 0 1 999 0 0 0 0 0 0 0 0 1000 0 0 0 0 0 0 0 0 1000 0 0 0 0 0 0 0 1 999 0 0 0 0 0 0 0 0 1000 0 0 0 0 0 0 0 0 1000 0 0 0 0 0 0 0 1 999 0 0 0 0
