981 19 0 0 0 0 0 0 0 980 20 0 0 0 0 0 0 0 982 18 0 0 0 0 0 0 0 975 25 0 0 0 0 0 0 0 983 17 0 0 0 0 0 0 0 975 25 0 0 0 0 0 0 0 984 16 0 0 0 0 0 0 0
967 33 0 0 0 0 0 0 0 972 28 0 0 0 0 0 0 0 955 45 0 0 0 0 0 0 0 959 41 0 0 0 0 0 0 0 970 30 0 0 0 0 0 0 0 963 37 0 0 0 0 0 0 0 967 33 0 0 0 0 0 0 0
932 68 0 0 0 0 0 0 0 966 34 0 0 0 0 0 0 0 945 55 0 0 0 0 0 0 0 944 56 0 0 0 0 0 0 0 942 58 0 0 0 0 0 0 0 949 51 0 0 0 0 0 0 0 946 54 0 0 0 0 0 0 0
918 82 0 0 0 0 0 0 0 950 50 0 0 0 0 0 0 0 931 69 0 0 0 0 0 0 0 904 96 0 0 0 0 0 0 0 934 66 0 0 0 0 0 0 0 912 88 0 0 0 0 0 0 0 921 79 0 0 0 0 0 0 0
923 77 0 0 0 0 0 0 0 951 49 0 0 0 0 0 0 0 915 85 0 0 0 0 0 0 0 906 94 0 0 0 0 0 0 0 908 92 0 0 0 0 0 0 0 908 92 0 0 0 0 0 0 0 915 85 0 0 0 0 0 0 0
916 84 0 0 0 0 0 0 0 930 70 0 0 0 0 0 0 0 907 93 0 0 0 0 0 0 0 900 100 0 0 0 0 0 0 0 912 88 0 0 0 0 0 0 0 892 108 0 0 0 0 0 0 0 893 107 0 0 0 0 0 0 0
894 106 0 0 0 0 0 0 0 931 69 0 0 0 0 0 0 0 889 111 0 0 0 0 0 0 0 867 133 0 0 0 0 0 0 0 880 120 0 0 0 0 0 0 0 884 116 0 0 0 0 0 0 0 878 122 0 0 0 0 0 0 0
860 140 0 0 0 0 0 0 0 925 75 0 0 0 0 0 0 0 869 131 0 0 0 0 0 0 0 872 128 0 0 0 0 0 0 0 886 114 0 0 0 0 0 0 0 863 137 0 0 0 0 0 0 0 875 125 0 0 0 0 0 0 0
877 123 0 0 0 0 0 0 0 913 87 0 0 0 0 0 0 0 863 137 0 0 0 0 0 0 0 848 152 0 0 0 0 0 0 0 844 156 0 0 0 0 0 0 0 861 139 0 0 0 0 0 0 0 852 148 0 0 0 0 0 0 0
824 176 0 0 0 0 0 0 0 894 106 0 0 0 0 0 0 0 839 161 0 0 0 0 0 0 0 859 141 0 0 0 0 0 0 0 827 173 0 0 0 0 0 0 0 861 139 0 0 0 0 0 0 0 864 136 0 0 0 0 0 0 0
827 173 0 0 0 0 0 0 0 883 117 0 0 0 0 0 0 0 834 166 0 0 0 0 0 0 0 853 147 0 0 0 0 0 0 0 831 169 0 0 0 0 0 0 0 833 167 0 0 0 0 0 0 0 826 174 0 0 0 0 0 0 0
840 160 0 0 0 0 0 0 0 892 108 0 0 0 0 0 0 0 839 161 0 0 0 0 0 0 0 816 184 0 0 0 0 0 0 0 823 177 0 0 0 0 0 0 0 858 142 0 0 0 0 0 0 0 813 187 0 0 0 0 0 0 0
816 184 0 0 0 0 0 0 0 886 114 0 0 0 0 0 0 0 831 169 0 0 0 0 0 0 0 801 199 0 0 0 0 0 0 0 851 149 0 0 0 0 0 0 0 791 209 0 0 0 0 0 0 0 816 184 0 0 0 0 0 0 0
802 198 0 0 0 0 0 0 0 886 114 0 0 0 0 0 0 0 819 181 0 0 0 0 0 0 0 819 181 0 0 0 0 0 0 0 792 208 0 0 0 0 0 0 0 819 181 0 0 0 0 0 0 0 806 194 0 0 0 0 0 0 0
821 179 0 0 0 0 0 0 0 879 121 0 0 0 0 0 0 0 777 223 0 0 0 0 0 0 0 818 182 0 0 0 0 0 0 0 801 199 0 0 0 0 0 0 0 803 197 0 0 0 0 0 0 0 774 226 0 0 0 0 0 0 0
799 201 0 0 0 0 0 0 0 864 136 0 0 0 0 0 0 0 812 188 0 0 0 0 0 0 0 778 222 0 0 0 0 0 0 0 770 230 0 0 0 0 0 0 0 808 192 0 0 0 0 0 0 0 804 196 0 0 0 0 0 0 0
764 236 0 0 0 0 0 0 0 831 169 0 0 0 0 0 0 0 797 203 0 0 0 0 0 0 0 764 236 0 0 0 0 0 0 0 769 231 0 0 0 0 0 0 0 791 209 0 0 0 0 0 0 0 763 237 0 0 0 0 0 0 0
747 253 0 0 0 0 0 0 0 841 159 0 0 0 0 0 0 0 760 240 0 0 0 0 0 0 0 778 222 0 0 0 0 0 0 0 767 233 0 0 0 0 0 0 0 735 265 0 0 0 0 0 0 0 749 251 0 0 0 0 0 0 0
782 218 0 0 0 0 0 0 0 834 166 0 0 0 0 0 0 0 770 230 0 0 0 0 0 0 0 749 251 0 0 0 0 0 0 0 785 215 0 0 0 0 0 0 0 744 256 0 0 0 0 0 0 0 758 242 0 0 0 0 0 0 0
759 241 0 0 0 0 0 0 0 850 150 0 0 0 0 0 0 0 762 238 0 0 0 0 0 0 0 716 284 0 0 0 0 0 0 0 745 255 0 0 0 0 0 0 0 757 243 0 0 0 0 0 0 0 740 260 0 0 0 0 0 0 0
735 265 0 0 0 0 0 0 0 833 167 0 0 0 0 0 0 0 727 273 0 0 0 0 0 0 0 734 266 0 0 0 0 0 0 0 747 253 0 0 0 0 0 0 0 738 262 0 0 0 0 0 0 0 755 245 0 0 0 0 0 0 0
740 260 0 0 0 0 0 0 0 828 172 0 0 0 0 0 0 0 733 267 0 0 0 0 0 0 0 750 250 0 0 0 0 0 0 0 757 243 0 0 0 0 0 0 0 722 278 0 0 0 0 0 0 0 730 270 0 0 0 0 0 0 0
732 268 0 0 0 0 0 0 0 830 170 0 0 0 0 0 0 0 710 290 0 0 0 0 0 0 0 731 269 0 0 0 0 0 0 0 702 298 0 0 0 0 0 0 0 696 304 0 0 0 0 0 0 0 716 284 0 0 0 0 0 0 0
699 301 0 0 0 0 0 0 0 804 196 0 0 0 0 0 0 0 713 287 0 0 0 0 0 0 0 699 301 0 0 0 0 0 0 0 725 275 0 0 0 0 0 0 0 693 307 0 0 0 0 0 0 0 693 307 0 0 0 0 0 0 0
695 305 0 0 0 0 0 0 0 815 185 0 0 0 0 0 0 0 713 287 0 0 0 0 0 0 0 715 285 0 0 0 0 0 0 0 703 297 0 0 0 0 0 0 0 706 294 0 0 0 0 0 0 0 685 315 0 0 0 0 0 0 0
685 315 0 0 0 0 0 0 0 805 195 0 0 0 0 0 0 0 698 302 0 0 0 0 0 0 0 689 311 0 0 0 0 0 0 0 713 287 0 0 0 0 0 0 0 723 277 0 0 0 0 0 0 0 724 276 0 0 0 0 0 0 0
685 315 0 0 0 0 0 0 0 791 209 0 0 0 0 0 0 0 668 332 0 0 0 0 0 0 0 719 281 0 0 0 0 0 0 0 688 312 0 0 0 0 0 0 0 701 299 0 0 0 0 0 0 0 709 291 0 0 0 0 0 0 0
675 325 0 0 0 0 0 0 0 807 193 0 0 0 0 0 0 0 675 325 0 0 0 0 0 0 0 671 329 0 0 0 0 0 0 0 659 341 0 0 0 0 0 0 0 661 339 0 0 0 0 0 0 0 692 308 0 0 0 0 0 0 0
682 318 0 0 0 0 0 0 0 781 219 0 0 0 0 0 0 0 685 315 0 0 0 0 0 0 0 693 307 0 0 0 0 0 0 0 665 335 0 0 0 0 0 0 0 662 338 0 0 0 0 0 0 0 693 307 0 0 0 0 0 0 0
649 351 0 0 0 0 0 0 0 771 229 0 0 0 0 0 0 0 685 315 0 0 0 0 0 0 0 636 364 0 0 0 0 0 0 0 677 323 0 0 0 0 0 0 0 692 308 0 0 0 0 0 0 0 684 316 0 0 0 0 0 0 0
654 346 0 0 0 0 0 0 0 755 245 0 0 0 0 0 0 0 643 357 0 0 0 0 0 0 0 657 343 0 0 0 0 0 0 0 674 326 0 0 0 0 0 0 0 661 339 0 0 0 0 0 0 0 654 346 0 0 0 0 0 0 0
648 352 0 0 0 0 0 0 0 772 228 0 0 0 0 0 0 0 630 370 0 0 0 0 0 0 0 663 337 0 0 0 0 0 0 0 651 349 0 0 0 0 0 0 0 661 339 0 0 0 0 0 0 0 650 350 0 0 0 0 0 0 0
656 344 0 0 0 0 0 0 0 779 221 0 0 0 0 0 0 0 646 354 0 0 0 0 0 0 0 638 362 0 0 0 0 0 0 0 649 351 0 0 0 0 0 0 0 644 356 0 0 0 0 0 0 0 627 373 0 0 0 0 0 0 0
644 356 0 0 0 0 0 0 0 732 268 0 0 0 0 0 0 0 635 365 0 0 0 0 0 0 0 638 362 0 0 0 0 0 0 0 652 348 0 0 0 0 0 0 0 620 380 0 0 0 0 0 0 0 651 349 0 0 0 0 0 0 0
621 379 0 0 0 0 0 0 0 731 269 0 0 0 0 0 0 0 637 363 0 0 0 0 0 0 0 637 363 0 0 0 0 0 0 0 622 378 0 0 0 0 0 0 0 636 364 0 0 0 0 0 0 0 598 402 0 0 0 0 0 0 0
621 379 0 0 0 0 0 0 0 766 234 0 0 0 0 0 0 0 641 359 0 0 0 0 0 0 0 627 373 0 0 0 0 0 0 0 632 368 0 0 0 0 0 0 0 640 360 0 0 0 0 0 0 0 636 364 0 0 0 0 0 0 0
588 412 0 0 0 0 0 0 0 733 267 0 0 0 0 0 0 0 622 378 0 0 0 0 0 0 0 639 361 0 0 0 0 0 0 0 616 384 0 0 0 0 0 0 0 608 392 0 0 0 0 0 0 0 629 371 0 0 0 0 0 0 0
627 373 0 0 0 0 0 0 0 742 258 0 0 0 0 0 0 0 631 369 0 0 0 0 0 0 0 595 405 0 0 0 0 0 0 0 587 413 0 0 0 0 0 0 0 612 388 0 0 0 0 0 0 0 614 386 0 0 0 0 0 0 0
596 404 0 0 0 0 0 0 0 722 278 0 0 0 0 0 0 0 597 403 0 0 0 0 0 0 0 612 388 0 0 0 0 0 0 0 596 404 0 0 0 0 0 0 0 602 398 0 0 0 0 0 0 0 643 357 0 0 0 0 0 0 0
594 406 0 0 0 0 0 0 0 707 293 0 0 0 0 0 0 0 602 398 0 0 0 0 0 0 0 585 415 0 0 0 0 0 0 0 600 400 0 0 0 0 0 0 0 601 399 0 0 0 0 0 0 0 609 391 0 0 0 0 0 0 0
601 399 0 0 0 0 0 0 0 730 270 0 0 0 0 0 0 0 609 391 0 0 0 0 0 0 0 584 416 0 0 0 0 0 0 0 608 392 0 0 0 0 0 0 0 590 410 0 0 0 0 0 0 0 606 394 0 0 0 0 0 0 0
581 419 0 0 0 0 0 0 0 718 282 0 0 0 0 0 0 0 600 400 0 0 0 0 0 0 0 561 439 0 0 0 0 0 0 0 578 422 0 0 0 0 0 0 0 585 415 0 0 0 0 0 0 0 589 411 0 0 0 0 0 0 0
567 433 0 0 0 0 0 0 0 703 297 0 0 0 0 0 0 0 590 410 0 0 0 0 0 0 0 566 434 0 0 0 0 0 0 0 566 434 0 0 0 0 0 0 0 577 423 0 0 0 0 0 0 0 581 419 0 0 0 0 0 0 0
576 424 0 0 0 0 0 0 0 734 266 0 0 0 0 0 0 0 592 408 0 0 0 0 0 0 0 600 400 0 0 0 0 0 0 0 583 417 0 0 0 0 0 0 0 562 438 0 0 0 0 0 0 0 580 420 0 0 0 0 0 0 0
594 406 0 0 0 0 0 0 0 731 269 0 0 0 0 0 0 0 600 400 0 0 0 0 0 0 0 582 418 0 0 0 0 0 0 0 550 450 0 0 0 0 0 0 0 590 410 0 0 0 0 0 0 0 552 448 0 0 0 0 0 0 0
540 460 0 0 0 0 0 0 0 721 279 0 0 0 0 0 0 0 556 444 0 0 0 0 0 0 0 579 421 0 0 0 0 0 0 0 555 445 0 0 0 0 0 0 0 590 410 0 0 0 0 0 0 0 563 437 0 0 0 0 0 0 0
577 423 0 0 0 0 0 0 0 700 300 0 0 0 0 0 0 0 588 412 0 0 0 0 0 0 0 591 409 0 0 0 0 0 0 0 568 432 0 0 0 0 0 0 0 562 438 0 0 0 0 0 0 0 554 446 0 0 0 0 0 0 0
538 462 0 0 0 0 0 0 0 665 335 0 0 0 0 0 0 0 557 443 0 0 0 0 0 0 0 558 442 0 0 0 0 0 0 0 541 459 0 0 0 0 0 0 0 575 425 0 0 0 0 0 0 0 554 446 0 0 0 0 0 0 0
571 429 0 0 0 0 0 0 0 692 308 0 0 0 0 0 0 0 572 428 0 0 0 0 0 0 0 534 466 0 0 0 0 0 0 0 544 456 0 0 0 0 0 0 0 532 468 0 0 0 0 0 0 0 539 461 0 0 0 0 0 0 0
543 457 0 0 0 0 0 0 0 692 308 0 0 0 0 0 0 0 560 440 0 0 0 0 0 0 0 536 464 0 0 0 0 0 0 0 579 421 0 0 0 0 0 0 0 544 456 0 0 0 0 0 0 0 559 441 0 0 0 0 0 0 0
538 462 0 0 0 0 0 0 0 694 306 0 0 0 0 0 0 0 553 447 0 0 0 0 0 0 0 561 439 0 0 0 0 0 0 0 524 476 0 0 0 0 0 0 0 548 452 0 0 0 0 0 0 0 511 489 0 0 0 0 0 0 0
529 471 0 0 0 0 0 0 0 661 339 0 0 0 0 0 0 0 545 455 0 0 0 0 0 0 0 534 466 0 0 0 0 0 0 0 558 442 0 0 0 0 0 0 0 538 462 0 0 0 0 0 0 0 540 460 0 0 0 0 0 0 0
557 443 0 0 0 0 0 0 0 684 316 0 0 0 0 0 0 0 523 477 0 0 0 0 0 0 0 544 456 0 0 0 0 0 0 0 520 480 0 0 0 0 0 0 0 532 468 0 0 0 0 0 0 0 535 465 0 0 0 0 0 0 0
553 447 0 0 0 0 0 0 0 681 319 0 0 0 0 0 0 0 537 463 0 0 0 0 0 0 0 475 525 0 0 0 0 0 0 0 490 510 0 0 0 0 0 0 0 529 471 0 0 0 0 0 0 0 526 474 0 0 0 0 0 0 0
529 471 0 0 0 0 0 0 0 663 337 0 0 0 0 0 0 0 522 478 0 0 0 0 0 0 0 534 466 0 0 0 0 0 0 0 543 457 0 0 0 0 0 0 0 522 478 0 0 0 0 0 0 0 513 487 0 0 0 0 0 0 0
523 477 0 0 0 0 0 0 0 666 334 0 0 0 0 0 0 0 526 474 0 0 0 0 0 0 0 484 516 0 0 0 0 0 0 0 500 500 0 0 0 0 0 0 0 496 504 0 0 0 0 0 0 0 532 468 0 0 0 0 0 0 0
484 516 0 0 0 0 0 0 0 683 317 0 0 0 0 0 0 0 503 497 0 0 0 0 0 0 0 504 496 0 0 0 0 0 0 0 513 487 0 0 0 0 0 0 0 493 507 0 0 0 0 0 0 0 502 498 0 0 0 0 0 0 0
528 472 0 0 0 0 0 0 0 661 339 0 0 0 0 0 0 0 522 478 0 0 0 0 0 0 0 511 489 0 0 0 0 0 0 0 497 503 0 0 0 0 0 0 0 495 505 0 0 0 0 0 0 0 469 531 0 0 0 0 0 0 0
485 515 0 0 0 0 0 0 0 666 334 0 0 0 0 0 0 0 502 498 0 0 0 0 0 0 0 498 502 0 0 0 0 0 0 0 486 514 0 0 0 0 0 0 0 498 502 0 0 0 0 0 0 0 513 487 0 0 0 0 0 0 0
493 507 0 0 0 0 0 0 0 621 379 0 0 0 0 0 0 0 481 519 0 0 0 0 0 0 0 482 518 0 0 0 0 0 0 0 497 503 0 0 0 0 0 0 0 465 535 0 0 0 0 0 0 0 490 510 0 0 0 0 0 0 0
494 506 0 0 0 0 0 0 0 620 380 0 0 0 0 0 0 0 493 507 0 0 0 0 0 0 0 478 522 0 0 0 0 0 0 0 457 543 0 0 0 0 0 0 0 474 526 0 0 0 0 0 0 0 488 512 0 0 0 0 0 0 0
476 524 0 0 0 0 0 0 0 635 365 0 0 0 0 0 0 0 465 535 0 0 0 0 0 0 0 461 539 0 0 0 0 0 0 0 496 504 0 0 0 0 0 0 0 483 517 0 0 0 0 0 0 0 488 512 0 0 0 0 0 0 0
476 524 0 0 0 0 0 0 0 651 349 0 0 0 0 0 0 0 514 486 0 0 0 0 0 0 0 466 534 0 0 0 0 0 0 0 482 518 0 0 0 0 0 0 0 448 552 0 0 0 0 0 0 0 489 511 0 0 0 0 0 0 0
460 540 0 0 0 0 0 0 0 647 353 0 0 0 0 0 0 0 474 526 0 0 0 0 0 0 0 484 516 0 0 0 0 0 0 0 467 533 0 0 0 0 0 0 0 489 511 0 0 0 0 0 0 0 453 547 0 0 0 0 0 0 0
469 531 0 0 0 0 0 0 0 635 365 0 0 0 0 0 0 0 505 495 0 0 0 0 0 0 0 493 507 0 0 0 0 0 0 0 469 531 0 0 0 0 0 0 0 476 524 0 0 0 0 0 0 0 506 494 0 0 0 0 0 0 0
484 516 0 0 0 0 0 0 0 604 396 0 0 0 0 0 0 0 475 525 0 0 0 0 0 0 0 472 528 0 0 0 0 0 0 0 450 550 0 0 0 0 0 0 0 484 516 0 0 0 0 0 0 0 495 505 0 0 0 0 0 0 0
473 527 0 0 0 0 0 0 0 617 383 0 0 0 0 0 0 0 461 539 0 0 0 0 0 0 0 466 534 0 0 0 0 0 0 0 455 545 0 0 0 0 0 0 0 458 542 0 0 0 0 0 0 0 471 529 0 0 0 0 0 0 0
459 541 0 0 0 0 0 0 0 610 390 0 0 0 0 0 0 0 475 525 0 0 0 0 0 0 0 486 514 0 0 0 0 0 0 0 472 528 0 0 0 0 0 0 0 459 541 0 0 0 0 0 0 0 509 491 0 0 0 0 0 0 0
461 539 0 0 0 0 0 0 0 624 376 0 0 0 0 0 0 0 456 544 0 0 0 0 0 0 0 466 534 0 0 0 0 0 0 0 464 536 0 0 0 0 0 0 0 461 539 0 0 0 0 0 0 0 421 579 0 0 0 0 0 0 0
465 535 0 0 0 0 0 0 0 638 362 0 0 0 0 0 0 0 431 569 0 0 0 0 0 0 0 491 509 0 0 0 0 0 0 0 453 547 0 0 0 0 0 0 0 434 566 0 0 0 0 0 0 0 447 553 0 0 0 0 0 0 0
429 571 0 0 0 0 0 0 0 603 397 0 0 0 0 0 0 0 485 515 0 0 0 0 0 0 0 447 553 0 0 0 0 0 0 0 485 515 0 0 0 0 0 0 0 438 562 0 0 0 0 0 0 0 446 554 0 0 0 0 0 0 0
462 538 0 0 0 0 0 0 0 608 392 0 0 0 0 0 0 0 468 532 0 0 0 0 0 0 0 461 539 0 0 0 0 0 0 0 418 582 0 0 0 0 0 0 0 447 553 0 0 0 0 0 0 0 412 588 0 0 0 0 0 0 0
418 582 0 0 0 0 0 0 0 592 408 0 0 0 0 0 0 0 459 541 0 0 0 0 0 0 0 436 564 0 0 0 0 0 0 0 438 562 0 0 0 0 0 0 0 435 565 0 0 0 0 0 0 0 442 558 0 0 0 0 0 0 0
440 560 0 0 0 0 0 0 0 620 380 0 0 0 0 0 0 0 438 562 0 0 0 0 0 0 0 435 565 0 0 0 0 0 0 0 435 565 0 0 0 0 0 0 0 442 558 0 0 0 0 0 0 0 451 549 0 0 0 0 0 0 0
453 547 0 0 0 0 0 0 0 582 418 0 0 0 0 0 0 0 449 551 0 0 0 0 0 0 0 428 572 0 0 0 0 0 0 0 432 568 0 0 0 0 0 0 0 436 564 0 0 0 0 0 0 0 419 581 0 0 0 0 0 0 0
421 579 0 0 0 0 0 0 0 604 396 0 0 0 0 0 0 0 429 571 0 0 0 0 0 0 0 434 566 0 0 0 0 0 0 0 411 589 0 0 0 0 0 0 0 442 558 0 0 0 0 0 0 0 446 554 0 0 0 0 0 0 0
436 564 0 0 0 0 0 0 0 588 412 0 0 0 0 0 0 0 419 581 0 0 0 0 0 0 0 443 557 0 0 0 0 0 0 0 420 580 0 0 0 0 0 0 0 419 581 0 0 0 0 0 0 0 452 548 0 0 0 0 0 0 0
401 599 0 0 0 0 0 0 0 597 403 0 0 0 0 0 0 0 424 576 0 0 0 0 0 0 0 434 566 0 0 0 0 0 0 0 423 577 0 0 0 0 0 0 0 456 544 0 0 0 0 0 0 0 394 606 0 0 0 0 0 0 0
434 566 0 0 0 0 0 0 0 557 443 0 0 0 0 0 0 0 441 559 0 0 0 0 0 0 0 408 592 0 0 0 0 0 0 0 404 596 0 0 0 0 0 0 0 437 563 0 0 0 0 0 0 0 423 577 0 0 0 0 0 0 0
381 619 0 0 0 0 0 0 0 586 414 0 0 0 0 0 0 0 408 592 0 0 0 0 0 0 0 405 595 0 0 0 0 0 0 0 419 581 0 0 0 0 0 0 0 403 597 0 0 0 0 0 0 0 385 615 0 0 0 0 0 0 0
452 548 0 0 0 0 0 0 0 591 409 0 0 0 0 0 0 0 414 586 0 0 0 0 0 0 0 391 609 0 0 0 0 0 0 0 423 577 0 0 0 0 0 0 0 399 601 0 0 0 0 0 0 0 423 577 0 0 0 0 0 0 0
402 598 0 0 0 0 0 0 0 558 442 0 0 0 0 0 0 0 419 581 0 0 0 0 0 0 0 425 575 0 0 0 0 0 0 0 431 569 0 0 0 0 0 0 0 413 587 0 0 0 0 0 0 0 390 610 0 0 0 0 0 0 0
416 584 0 0 0 0 0 0 0 574 426 0 0 0 0 0 0 0 417 583 0 0 0 0 0 0 0 429 571 0 0 0 0 0 0 0 414 586 0 0 0 0 0 0 0 418 582 0 0 0 0 0 0 0 407 593 0 0 0 0 0 0 0
407 593 0 0 0 0 0 0 0 575 425 0 0 0 0 0 0 0 408 592 0 0 0 0 0 0 0 396 604 0 0 0 0 0 0 0 397 603 0 0 0 0 0 0 0 411 589 0 0 0 0 0 0 0 408 592 0 0 0 0 0 0 0
396 604 0 0 0 0 0 0 0 577 423 0 0 0 0 0 0 0 420 580 0 0 0 0 0 0 0 380 620 0 0 0 0 0 0 0 370 630 0 0 0 0 0 0 0 394 606 0 0 0 0 0 0 0 412 588 0 0 0 0 0 0 0
406 594 0 0 0 0 0 0 0 548 452 0 0 0 0 0 0 0 383 617 0 0 0 0 0 0 0 402 598 0 0 0 0 0 0 0 399 601 0 0 0 0 0 0 0 423 577 0 0 0 0 0 0 0 355 645 0 0 0 0 0 0 0
384 616 0 0 0 0 0 0 0 564 436 0 0 0 0 0 0 0 387 613 0 0 0 0 0 0 0 401 599 0 0 0 0 0 0 0 387 613 0 0 0 0 0 0 0 405 595 0 0 0 0 0 0 0 409 591 0 0 0 0 0 0 0
355 645 0 0 0 0 0 0 0 579 421 0 0 0 0 0 0 0 377 623 0 0 0 0 0 0 0 377 623 0 0 0 0 0 0 0 384 616 0 0 0 0 0 0 0 394 606 0 0 0 0 0 0 0 403 597 0 0 0 0 0 0 0
385 615 0 0 0 0 0 0 0 542 458 0 0 0 0 0 0 0 387 613 0 0 0 0 0 0 0 377 623 0 0 0 0 0 0 0 399 601 0 0 0 0 0 0 0 401 599 0 0 0 0 0 0 0 399 601 0 0 0 0 0 0 0
347 653 0 0 0 0 0 0 0 542 458 0 0 0 0 0 0 0 371 629 0 0 0 0 0 0 0 388 612 0 0 0 0 0 0 0 384 616 0 0 0 0 0 0 0 379 621 0 0 0 0 0 0 0 376 624 0 0 0 0 0 0 0
369 631 0 0 0 0 0 0 0 529 471 0 0 0 0 0 0 0 374 626 0 0 0 0 0 0 0 360 640 0 0 0 0 0 0 0 384 616 0 0 0 0 0 0 0 401 599 0 0 0 0 0 0 0 359 641 0 0 0 0 0 0 0
380 620 0 0 0 0 0 0 0 542 458 0 0 0 0 0 0 0 370 630 0 0 0 0 0 0 0 354 646 0 0 0 0 0 0 0 382 618 0 0 0 0 0 0 0 381 619 0 0 0 0 0 0 0 375 625 0 0 0 0 0 0 0
401 599 0 0 0 0 0 0 0 544 456 0 0 0 0 0 0 0 354 646 0 0 0 0 0 0 0 385 615 0 0 0 0 0 0 0 384 616 0 0 0 0 0 0 0 380 620 0 0 0 0 0 0 0 396 604 0 0 0 0 0 0 0
377 623 0 0 0 0 0 0 0 517 483 0 0 0 0 0 0 0 363 637 0 0 0 0 0 0 0 354 646 0 0 0 0 0 0 0 373 627 0 0 0 0 0 0 0 384 616 0 0 0 0 0 0 0 399 601 0 0 0 0 0 0 0
361 639 0 0 0 0 0 0 0 550 450 0 0 0 0 0 0 0 365 635 0 0 0 0 0 0 0 362 638 0 0 0 0 0 0 0 363 637 0 0 0 0 0 0 0 333 667 0 0 0 0 0 0 0 388 612 0 0 0 0 0 0 0
386 614 0 0 0 0 0 0 0 534 466 0 0 0 0 0 0 0 350 650 0 0 0 0 0 0 0 379 621 0 0 0 0 0 0 0 365 635 0 0 0 0 0 0 0 370 630 0 0 0 0 0 0 0 367 633 0 0 0 0 0 0 0
354 646 0 0 0 0 0 0 0 547 453 0 0 0 0 0 0 0 358 642 0 0 0 0 0 0 0 348 652 0 0 0 0 0 0 0 377 623 0 0 0 0 0 0 0 375 625 0 0 0 0 0 0 0 382 618 0 0 0 0 0 0 0
386 614 0 0 0 0 0 0 0 509 491 0 0 0 0 0 0 0 362 638 0 0 0 0 0 0 0 374 626 0 0 0 0 0 0 0 368 632 0 0 0 0 0 0 0 346 654 0 0 0 0 0 0 0 373 627 0 0 0 0 0 0 0
343 657 0 0 0 0 0 0 0 535 465 0 0 0 0 0 0 0 333 667 0 0 0 0 0 0 0 343 657 0 0 0 0 0 0 0 349 651 0 0 0 0 0 0 0 372 628 0 0 0 0 0 0 0 351 649 0 0 0 0 0 0 0
319 681 0 0 0 0 0 0 0 514 486 0 0 0 0 0 0 0 324 676 0 0 0 0 0 0 0 345 655 0 0 0 0 0 0 0 365 635 0 0 0 0 0 0 0 372 628 0 0 0 0 0 0 0 362 638 0 0 0 0 0 0 0
347 653 0 0 0 0 0 0 0 530 470 0 0 0 0 0 0 0 339 661 0 0 0 0 0 0 0 345 655 0 0 0 0 0 0 0 332 668 0 0 0 0 0 0 0 364 636 0 0 0 0 0 0 0 366 634 0 0 0 0 0 0 0
340 660 0 0 0 0 0 0 0 520 480 0 0 0 0 0 0 0 354 646 0 0 0 0 0 0 0 352 648 0 0 0 0 0 0 0 326 674 0 0 0 0 0 0 0 353 647 0 0 0 0 0 0 0 363 637 0 0 0 0 0 0 0
332 668 0 0 0 0 0 0 0 494 506 0 0 0 0 0 0 0 326 674 0 0 0 0 0 0 0 343 657 0 0 0 0 0 0 0 334 666 0 0 0 0 0 0 0 349 651 0 0 0 0 0 0 0 350 650 0 0 0 0 0 0 0
337 663 0 0 0 0 0 0 0 487 513 0 0 0 0 0 0 0 345 655 0 0 0 0 0 0 0 347 653 0 0 0 0 0 0 0 323 677 0 0 0 0 0 0 0 331 669 0 0 0 0 0 0 0 314 686 0 0 0 0 0 0 0
347 653 0 0 0 0 0 0 0 488 512 0 0 0 0 0 0 0 348 652 0 0 0 0 0 0 0 363 637 0 0 0 0 0 0 0 338 662 0 0 0 0 0 0 0 333 667 0 0 0 0 0 0 0 346 654 0 0 0 0 0 0 0
345 655 0 0 0 0 0 0 0 501 499 0 0 0 0 0 0 0 352 648 0 0 0 0 0 0 0 331 669 0 0 0 0 0 0 0 339 661 0 0 0 0 0 0 0 337 663 0 0 0 0 0 0 0 345 655 0 0 0 0 0 0 0
345 655 0 0 0 0 0 0 0 542 458 0 0 0 0 0 0 0 334 666 0 0 0 0 0 0 0 338 662 0 0 0 0 0 0 0 358 642 0 0 0 0 0 0 0 337 663 0 0 0 0 0 0 0 321 679 0 0 0 0 0 0 0
326 674 0 0 0 0 0 0 0 518 482 0 0 0 0 0 0 0 315 685 0 0 0 0 0 0 0 347 653 0 0 0 0 0 0 0 343 657 0 0 0 0 0 0 0 305 695 0 0 0 0 0 0 0 348 652 0 0 0 0 0 0 0
320 680 0 0 0 0 0 0 0 530 470 0 0 0 0 0 0 0 315 685 0 0 0 0 0 0 0 334 666 0 0 0 0 0 0 0 296 704 0 0 0 0 0 0 0 314 686 0 0 0 0 0 0 0 304 696 0 0 0 0 0 0 0
347 653 0 0 0 0 0 0 0 498 502 0 0 0 0 0 0 0 333 667 0 0 0 0 0 0 0 342 658 0 0 0 0 0 0 0 315 685 0 0 0 0 0 0 0 303 697 0 0 0 0 0 0 0 329 671 0 0 0 0 0 0 0
322 678 0 0 0 0 0 0 0 509 491 0 0 0 0 0 0 0 331 669 0 0 0 0 0 0 0 349 651 0 0 0 0 0 0 0 315 685 0 0 0 0 0 0 0 339 661 0 0 0 0 0 0 0 340 660 0 0 0 0 0 0 0
311 689 0 0 0 0 0 0 0 497 503 0 0 0 0 0 0 0 315 685 0 0 0 0 0 0 0 321 679 0 0 0 0 0 0 0 324 676 0 0 0 0 0 0 0 350 650 0 0 0 0 0 0 0 327 673 0 0 0 0 0 0 0
318 682 0 0 0 0 0 0 0 480 520 0 0 0 0 0 0 0 311 689 0 0 0 0 0 0 0 288 712 0 0 0 0 0 0 0 300 700 0 0 0 0 0 0 0 332 668 0 0 0 0 0 0 0 328 672 0 0 0 0 0 0 0
330 670 0 0 0 0 0 0 0 485 515 0 0 0 0 0 0 0 322 678 0 0 0 0 0 0 0 318 682 0 0 0 0 0 0 0 306 694 0 0 0 0 0 0 0 324 676 0 0 0 0 0 0 0 299 701 0 0 0 0 0 0 0
295 705 0 0 0 0 0 0 0 483 517 0 0 0 0 0 0 0 295 705 0 0 0 0 0 0 0 320 680 0 0 0 0 0 0 0 324 676 0 0 0 0 0 0 0 311 689 0 0 0 0 0 0 0 311 689 0 0 0 0 0 0 0
338 662 0 0 0 0 0 0 0 473 527 0 0 0 0 0 0 0 348 652 0 0 0 0 0 0 0 315 685 0 0 0 0 0 0 0 331 669 0 0 0 0 0 0 0 297 703 0 0 0 0 0 0 0 325 675 0 0 0 0 0 0 0
331 669 0 0 0 0 0 0 0 507 493 0 0 0 0 0 0 0 306 694 0 0 0 0 0 0 0 301 699 0 0 0 0 0 0 0 291 709 0 0 0 0 0 0 0 321 679 0 0 0 0 0 0 0 336 664 0 0 0 0 0 0 0
341 659 0 0 0 0 0 0 0 476 524 0 0 0 0 0 0 0 311 689 0 0 0 0 0 0 0 284 716 0 0 0 0 0 0 0 294 706 0 0 0 0 0 0 0 332 668 0 0 0 0 0 0 0 314 686 0 0 0 0 0 0 0
293 707 0 0 0 0 0 0 0 473 527 0 0 0 0 0 0 0 301 699 0 0 0 0 0 0 0 268 732 0 0 0 0 0 0 0 308 692 0 0 0 0 0 0 0 321 679 0 0 0 0 0 0 0 295 705 0 0 0 0 0 0 0
299 701 0 0 0 0 0 0 0 464 536 0 0 0 0 0 0 0 306 694 0 0 0 0 0 0 0 282 718 0 0 0 0 0 0 0 312 688 0 0 0 0 0 0 0 305 695 0 0 0 0 0 0 0 313 687 0 0 0 0 0 0 0
301 699 0 0 0 0 0 0 0 470 530 0 0 0 0 0 0 0 277 723 0 0 0 0 0 0 0 318 682 0 0 0 0 0 0 0 280 720 0 0 0 0 0 0 0 324 676 0 0 0 0 0 0 0 294 706 0 0 0 0 0 0 0
292 708 0 0 0 0 0 0 0 467 533 0 0 0 0 0 0 0 294 706 0 0 0 0 0 0 0 287 713 0 0 0 0 0 0 0 313 687 0 0 0 0 0 0 0 295 705 0 0 0 0 0 0 0 313 687 0 0 0 0 0 0 0
296 704 0 0 0 0 0 0 0 446 554 0 0 0 0 0 0 0 303 697 0 0 0 0 0 0 0 296 704 0 0 0 0 0 0 0 279 721 0 0 0 0 0 0 0 292 708 0 0 0 0 0 0 0 304 696 0 0 0 0 0 0 0
295 705 0 0 0 0 0 0 0 477 523 0 0 0 0 0 0 0 283 717 0 0 0 0 0 0 0 296 704 0 0 0 0 0 0 0 282 718 0 0 0 0 0 0 0 299 701 0 0 0 0 0 0 0 307 693 0 0 0 0 0 0 0
287 713 0 0 0 0 0 0 0 481 519 0 0 0 0 0 0 0 292 708 0 0 0 0 0 0 0 289 711 0 0 0 0 0 0 0 297 703 0 0 0 0 0 0 0 309 691 0 0 0 0 0 0 0 300 700 0 0 0 0 0 0 0
312 688 0 0 0 0 0 0 0 468 532 0 0 0 0 0 0 0 294 706 0 0 0 0 0 0 0 303 697 0 0 0 0 0 0 0 289 711 0 0 0 0 0 0 0 287 713 0 0 0 0 0 0 0 273 727 0 0 0 0 0 0 0
281 719 0 0 0 0 0 0 0 487 513 0 0 0 0 0 0 0 274 726 0 0 0 0 0 0 0 262 738 0 0 0 0 0 0 0 294 706 0 0 0 0 0 0 0 285 715 0 0 0 0 0 0 0 280 720 0 0 0 0 0 0 0
280 720 0 0 0 0 0 0 0 445 555 0 0 0 0 0 0 0 298 702 0 0 0 0 0 0 0 286 714 0 0 0 0 0 0 0 307 693 0 0 0 0 0 0 0 311 689 0 0 0 0 0 0 0 290 710 0 0 0 0 0 0 0
294 706 0 0 0 0 0 0 0 475 525 0 0 0 0 0 0 0 283 717 0 0 0 0 0 0 0 281 719 0 0 0 0 0 0 0 278 722 0 0 0 0 0 0 0 318 682 0 0 0 0 0 0 0 275 725 0 0 0 0 0 0 0
278 722 0 0 0 0 0 0 0 443 557 0 0 0 0 0 0 0 289 711 0 0 0 0 0 0 0 288 712 0 0 0 0 0 0 0 292 708 0 0 0 0 0 0 0 280 720 0 0 0 0 0 0 0 287 713 0 0 0 0 0 0 0
296 704 0 0 0 0 0 0 0 437 563 0 0 0 0 0 0 0 287 713 0 0 0 0 0 0 0 272 728 0 0 0 0 0 0 0 266 734 0 0 0 0 0 0 0 284 716 0 0 0 0 0 0 0 275 725 0 0 0 0 0 0 0
282 718 0 0 0 0 0 0 0 446 554 0 0 0 0 0 0 0 263 737 0 0 0 0 0 0 0 281 719 0 0 0 0 0 0 0 291 709 0 0 0 0 0 0 0 289 711 0 0 0 0 0 0 0 308 692 0 0 0 0 0 0 0
261 739 0 0 0 0 0 0 0 430 570 0 0 0 0 0 0 0 284 716 0 0 0 0 0 0 0 264 736 0 0 0 0 0 0 0 266 734 0 0 0 0 0 0 0 278 722 0 0 0 0 0 0 0 258 742 0 0 0 0 0 0 0
275 725 0 0 0 0 0 0 0 435 565 0 0 0 0 0 0 0 249 751 0 0 0 0 0 0 0 282 718 0 0 0 0 0 0 0 272 728 0 0 0 0 0 0 0 282 718 0 0 0 0 0 0 0 278 722 0 0 0 0 0 0 0
277 723 0 0 0 0 0 0 0 481 519 0 0 0 0 0 0 0 298 702 0 0 0 0 0 0 0 256 744 0 0 0 0 0 0 0 267 733 0 0 0 0 0 0 0 275 725 0 0 0 0 0 0 0 267 733 0 0 0 0 0 0 0
244 756 0 0 0 0 0 0 0 445 555 0 0 0 0 0 0 0 268 732 0 0 0 0 0 0 0 262 738 0 0 0 0 0 0 0 277 723 0 0 0 0 0 0 0 282 718 0 0 0 0 0 0 0 264 736 0 0 0 0 0 0 0
268 732 0 0 0 0 0 0 0 409 591 0 0 0 0 0 0 0 255 745 0 0 0 0 0 0 0 250 750 0 0 0 0 0 0 0 253 747 0 0 0 0 0 0 0 308 692 0 0 0 0 0 0 0 251 749 0 0 0 0 0 0 0
248 752 0 0 0 0 0 0 0 441 559 0 0 0 0 0 0 0 250 750 0 0 0 0 0 0 0 274 726 0 0 0 0 0 0 0 261 739 0 0 0 0 0 0 0 277 723 0 0 0 0 0 0 0 256 744 0 0 0 0 0 0 0
255 745 0 0 0 0 0 0 0 448 552 0 0 0 0 0 0 0 262 738 0 0 0 0 0 0 0 265 735 0 0 0 0 0 0 0 277 723 0 0 0 0 0 0 0 250 750 0 0 0 0 0 0 0 248 752 0 0 0 0 0 0 0
276 724 0 0 0 0 0 0 0 413 587 0 0 0 0 0 0 0 274 726 0 0 0 0 0 0 0 281 719 0 0 0 0 0 0 0 272 728 0 0 0 0 0 0 0 259 741 0 0 0 0 0 0 0 256 744 0 0 0 0 0 0 0
259 741 0 0 0 0 0 0 0 437 563 0 0 0 0 0 0 0 270 730 0 0 0 0 0 0 0 286 714 0 0 0 0 0 0 0 274 726 0 0 0 0 0 0 0 251 749 0 0 0 0 0 0 0 247 753 0 0 0 0 0 0 0
247 753 0 0 0 0 0 0 0 426 574 0 0 0 0 0 0 0 247 753 0 0 0 0 0 0 0 247 753 0 0 0 0 0 0 0 241 759 0 0 0 0 0 0 0 263 737 0 0 0 0 0 0 0 270 730 0 0 0 0 0 0 0
241 759 0 0 0 0 0 0 0 424 576 0 0 0 0 0 0 0 265 735 0 0 0 0 0 0 0 268 732 0 0 0 0 0 0 0 264 736 0 0 0 0 0 0 0 241 759 0 0 0 0 0 0 0 245 755 0 0 0 0 0 0 0
263 737 0 0 0 0 0 0 0 426 574 0 0 0 0 0 0 0 256 744 0 0 0 0 0 0 0 278 722 0 0 0 0 0 0 0 253 747 0 0 0 0 0 0 0 226 774 0 0 0 0 0 0 0 236 764 0 0 0 0 0 0 0
260 740 0 0 0 0 0 0 0 447 553 0 0 0 0 0 0 0 235 765 0 0 0 0 0 0 0 245 755 0 0 0 0 0 0 0 233 767 0 0 0 0 0 0 0 241 759 0 0 0 0 0 0 0 261 739 0 0 0 0 0 0 0
249 751 0 0 0 0 0 0 0 410 590 0 0 0 0 0 0 0 257 743 0 0 0 0 0 0 0 253 747 0 0 0 0 0 0 0 256 744 0 0 0 0 0 0 0 273 727 0 0 0 0 0 0 0 252 748 0 0 0 0 0 0 0
235 765 0 0 0 0 0 0 0 416 584 0 0 0 0 0 0 0 215 785 0 0 0 0 0 0 0 239 761 0 0 0 0 0 0 0 242 758 0 0 0 0 0 0 0 227 773 0 0 0 0 0 0 0 233 767 0 0 0 0 0 0 0
238 762 0 0 0 0 0 0 0 448 552 0 0 0 0 0 0 0 257 743 0 0 0 0 0 0 0 240 760 0 0 0 0 0 0 0 245 755 0 0 0 0 0 0 0 257 743 0 0 0 0 0 0 0 229 771 0 0 0 0 0 0 0
245 755 0 0 0 0 0 0 0 441 559 0 0 0 0 0 0 0 224 776 0 0 0 0 0 0 0 251 749 0 0 0 0 0 0 0 253 747 0 0 0 0 0 0 0 247 753 0 0 0 0 0 0 0 231 769 0 0 0 0 0 0 0
241 759 0 0 0 0 0 0 0 434 566 0 0 0 0 0 0 0 247 753 0 0 0 0 0 0 0 228 772 0 0 0 0 0 0 0 240 760 0 0 0 0 0 0 0 255 745 0 0 0 0 0 0 0 232 768 0 0 0 0 0 0 0
247 753 0 0 0 0 0 0 0 424 576 0 0 0 0 0 0 0 246 754 0 0 0 0 0 0 0 248 752 0 0 0 0 0 0 0 217 783 0 0 0 0 0 0 0 240 760 0 0 0 0 0 0 0 237 763 0 0 0 0 0 0 0
240 760 0 0 0 0 0 0 0 403 597 0 0 0 0 0 0 0 237 763 0 0 0 0 0 0 0 233 767 0 0 0 0 0 0 0 235 765 0 0 0 0 0 0 0 234 766 0 0 0 0 0 0 0 234 766 0 0 0 0 0 0 0
228 772 0 0 0 0 0 0 0 432 568 0 0 0 0 0 0 0 237 763 0 0 0 0 0 0 0 225 775 0 0 0 0 0 0 0 243 757 0 0 0 0 0 0 0 232 768 0 0 0 0 0 0 0 231 769 0 0 0 0 0 0 0
212 788 0 0 0 0 0 0 0 424 576 0 0 0 0 0 0 0 238 762 0 0 0 0 0 0 0 275 725 0 0 0 0 0 0 0 239 761 0 0 0 0 0 0 0 229 771 0 0 0 0 0 0 0 234 766 0 0 0 0 0 0 0
241 759 0 0 0 0 0 0 0 407 593 0 0 0 0 0 0 0 216 784 0 0 0 0 0 0 0 227 773 0 0 0 0 0 0 0 216 784 0 0 0 0 0 0 0 213 787 0 0 0 0 0 0 0 209 791 0 0 0 0 0 0 0
255 745 0 0 0 0 0 0 0 399 601 0 0 0 0 0 0 0 214 786 0 0 0 0 0 0 0 198 802 0 0 0 0 0 0 0 231 769 0 0 0 0 0 0 0 233 767 0 0 0 0 0 0 0 219 781 0 0 0 0 0 0 0
249 751 0 0 0 0 0 0 0 390 610 0 0 0 0 0 0 0 232 768 0 0 0 0 0 0 0 234 766 0 0 0 0 0 0 0 228 772 0 0 0 0 0 0 0 236 764 0 0 0 0 0 0 0 264 736 0 0 0 0 0 0 0
233 767 0 0 0 0 0 0 0 397 603 0 0 0 0 0 0 0 232 768 0 0 0 0 0 0 0 224 776 0 0 0 0 0 0 0 223 777 0 0 0 0 0 0 0 230 770 0 0 0 0 0 0 0 238 762 0 0 0 0 0 0 0
237 763 0 0 0 0 0 0 0 411 589 0 0 0 0 0 0 0 223 777 0 0 0 0 0 0 0 224 776 0 0 0 0 0 0 0 239 761 0 0 0 0 0 0 0 236 764 0 0 0 0 0 0 0 239 761 0 0 0 0 0 0 0
224 776 0 0 0 0 0 0 0 390 610 0 0 0 0 0 0 0 208 792 0 0 0 0 0 0 0 219 781 0 0 0 0 0 0 0 217 783 0 0 0 0 0 0 0 240 760 0 0 0 0 0 0 0 226 774 0 0 0 0 0 0 0
228 772 0 0 0 0 0 0 0 387 613 0 0 0 0 0 0 0 210 790 0 0 0 0 0 0 0 236 764 0 0 0 0 0 0 0 226 774 0 0 0 0 0 0 0 214 786 0 0 0 0 0 0 0 214 786 0 0 0 0 0 0 0
229 771 0 0 0 0 0 0 0 432 568 0 0 0 0 0 0 0 212 788 0 0 0 0 0 0 0 216 784 0 0 0 0 0 0 0 200 800 0 0 0 0 0 0 0 227 773 0 0 0 0 0 0 0 217 783 0 0 0 0 0 0 0
224 776 0 0 0 0 0 0 0 400 600 0 0 0 0 0 0 0 219 781 0 0 0 0 0 0 0 201 799 0 0 0 0 0 0 0 225 775 0 0 0 0 0 0 0 196 804 0 0 0 0 0 0 0 216 784 0 0 0 0 0 0 0
232 768 0 0 0 0 0 0 0 400 600 0 0 0 0 0 0 0 247 753 0 0 0 0 0 0 0 216 784 0 0 0 0 0 0 0 206 794 0 0 0 0 0 0 0 221 779 0 0 0 0 0 0 0 227 773 0 0 0 0 0 0 0
214 786 0 0 0 0 0 0 0 385 615 0 0 0 0 0 0 0 226 774 0 0 0 0 0 0 0 202 798 0 0 0 0 0 0 0 220 780 0 0 0 0 0 0 0 212 788 0 0 0 0 0 0 0 193 807 0 0 0 0 0 0 0
226 774 0 0 0 0 0 0 0 371 629 0 0 0 0 0 0 0 229 771 0 0 0 0 0 0 0 239 761 0 0 0 0 0 0 0 226 774 0 0 0 0 0 0 0 197 803 0 0 0 0 0 0 0 234 766 0 0 0 0 0 0 0
222 778 0 0 0 0 0 0 0 409 591 0 0 0 0 0 0 0 214 786 0 0 0 0 0 0 0 214 786 0 0 0 0 0 0 0 226 774 0 0 0 0 0 0 0 224 776 0 0 0 0 0 0 0 220 780 0 0 0 0 0 0 0
224 776 0 0 0 0 0 0 0 380 620 0 0 0 0 0 0 0 204 796 0 0 0 0 0 0 0 210 790 0 0 0 0 0 0 0 217 783 0 0 0 0 0 0 0 222 778 0 0 0 0 0 0 0 223 777 0 0 0 0 0 0 0
214 786 0 0 0 0 0 0 0 407 593 0 0 0 0 0 0 0 226 774 0 0 0 0 0 0 0 210 790 0 0 0 0 0 0 0 225 775 0 0 0 0 0 0 0 211 789 0 0 0 0 0 0 0 205 795 0 0 0 0 0 0 0
189 811 0 0 0 0 0 0 0 409 591 0 0 0 0 0 0 0 240 760 0 0 0 0 0 0 0 181 819 0 0 0 0 0 0 0 203 797 0 0 0 0 0 0 0 225 775 0 0 0 0 0 0 0 208 792 0 0 0 0 0 0 0
207 793 0 0 0 0 0 0 0 388 612 0 0 0 0 0 0 0 203 797 0 0 0 0 0 0 0 219 781 0 0 0 0 0 0 0 209 791 0 0 0 0 0 0 0 203 797 0 0 0 0 0 0 0 202 798 0 0 0 0 0 0 0
211 789 0 0 0 0 0 0 0 366 634 0 0 0 0 0 0 0 231 769 0 0 0 0 0 0 0 208 792 0 0 0 0 0 0 0 209 791 0 0 0 0 0 0 0 193 807 0 0 0 0 0 0 0 197 803 0 0 0 0 0 0 0
190 810 0 0 0 0 0 0 0 360 640 0 0 0 0 0 0 0 197 803 0 0 0 0 0 0 0 207 793 0 0 0 0 0 0 0 224 776 0 0 0 0 0 0 0 226 774 0 0 0 0 0 0 0 212 788 0 0 0 0 0 0 0
218 782 0 0 0 0 0 0 0 371 629 0 0 0 0 0 0 0 219 781 0 0 0 0 0 0 0 199 801 0 0 0 0 0 0 0 184 816 0 0 0 0 0 0 0 222 778 0 0 0 0 0 0 0 191 809 0 0 0 0 0 0 0
217 783 0 0 0 0 0 0 0 370 630 0 0 0 0 0 0 0 203 797 0 0 0 0 0 0 0 206 794 0 0 0 0 0 0 0 192 808 0 0 0 0 0 0 0 197 803 0 0 0 0 0 0 0 209 791 0 0 0 0 0 0 0
199 801 0 0 0 0 0 0 0 353 647 0 0 0 0 0 0 0 195 805 0 0 0 0 0 0 0 212 788 0 0 0 0 0 0 0 206 794 0 0 0 0 0 0 0 212 788 0 0 0 0 0 0 0 219 781 0 0 0 0 0 0 0
193 807 0 0 0 0 0 0 0 375 625 0 0 0 0 0 0 0 203 797 0 0 0 0 0 0 0 186 814 0 0 0 0 0 0 0 196 804 0 0 0 0 0 0 0 209 791 0 0 0 0 0 0 0 183 817 0 0 0 0 0 0 0
194 806 0 0 0 0 0 0 0 387 613 0 0 0 0 0 0 0 197 803 0 0 0 0 0 0 0 192 808 0 0 0 0 0 0 0 184 816 0 0 0 0 0 0 0 193 807 0 0 0 0 0 0 0 194 806 0 0 0 0 0 0 0
202 798 0 0 0 0 0 0 0 384 616 0 0 0 0 0 0 0 201 799 0 0 0 0 0 0 0 211 789 0 0 0 0 0 0 0 205 795 0 0 0 0 0 0 0 209 791 0 0 0 0 0 0 0 192 808 0 0 0 0 0 0 0
210 790 0 0 0 0 0 0 0 348 652 0 0 0 0 0 0 0 226 774 0 0 0 0 0 0 0 216 784 0 0 0 0 0 0 0 182 818 0 0 0 0 0 0 0 185 815 0 0 0 0 0 0 0 209 791 0 0 0 0 0 0 0
189 811 0 0 0 0 0 0 0 355 645 0 0 0 0 0 0 0 184 816 0 0 0 0 0 0 0 203 797 0 0 0 0 0 0 0 191 809 0 0 0 0 0 0 0 182 818 0 0 0 0 0 0 0 185 815 0 0 0 0 0 0 0
208 792 0 0 0 0 0 0 0 319 681 0 0 0 0 0 0 0 188 812 0 0 0 0 0 0 0 202 798 0 0 0 0 0 0 0 176 824 0 0 0 0 0 0 0 187 813 0 0 0 0 0 0 0 164 836 0 0 0 0 0 0 0
199 801 0 0 0 0 0 0 0 369 631 0 0 0 0 0 0 0 199 801 0 0 0 0 0 0 0 193 807 0 0 0 0 0 0 0 184 816 0 0 0 0 0 0 0 178 822 0 0 0 0 0 0 0 174 826 0 0 0 0 0 0 0
196 804 0 0 0 0 0 0 0 370 630 0 0 0 0 0 0 0 188 812 0 0 0 0 0 0 0 186 814 0 0 0 0 0 0 0 209 791 0 0 0 0 0 0 0 170 830 0 0 0 0 0 0 0 188 812 0 0 0 0 0 0 0
192 808 0 0 0 0 0 0 0 355 645 0 0 0 0 0 0 0 181 819 0 0 0 0 0 0 0 189 811 0 0 0 0 0 0 0 192 808 0 0 0 0 0 0 0 198 802 0 0 0 0 0 0 0 178 822 0 0 0 0 0 0 0
203 797 0 0 0 0 0 0 0 376 624 0 0 0 0 0 0 0 178 822 0 0 0 0 0 0 0 175 825 0 0 0 0 0 0 0 160 840 0 0 0 0 0 0 0 194 806 0 0 0 0 0 0 0 174 826 0 0 0 0 0 0 0
181 819 0 0 0 0 0 0 0 363 637 0 0 0 0 0 0 0 169 831 0 0 0 0 0 0 0 206 794 0 0 0 0 0 0 0 166 834 0 0 0 0 0 0 0 192 808 0 0 0 0 0 0 0 185 815 0 0 0 0 0 0 0
200 800 0 0 0 0 0 0 0 321 679 0 0 0 0 0 0 0 211 789 0 0 0 0 0 0 0 192 808 0 0 0 0 0 0 0 192 808 0 0 0 0 0 0 0 194 806 0 0 0 0 0 0 0 183 817 0 0 0 0 0 0 0
194 806 0 0 0 0 0 0 0 356 644 0 0 0 0 0 0 0 188 812 0 0 0 0 0 0 0 185 815 0 0 0 0 0 0 0 218 782 0 0 0 0 0 0 0 201 799 0 0 0 0 0 0 0 161 839 0 0 0 0 0 0 0
205 795 0 0 0 0 0 0 0 349 651 0 0 0 0 0 0 0 162 838 0 0 0 0 0 0 0 171 829 0 0 0 0 0 0 0 180 820 0 0 0 0 0 0 0 197 803 0 0 0 0 0 0 0 193 807 0 0 0 0 0 0 0
177 823 0 0 0 0 0 0 0 338 662 0 0 0 0 0 0 0 160 840 0 0 0 0 0 0 0 191 809 0 0 0 0 0 0 0 177 823 0 0 0 0 0 0 0 202 798 0 0 0 0 0 0 0 176 824 0 0 0 0 0 0 0
192 808 0 0 0 0 0 0 0 373 627 0 0 0 0 0 0 0 186 814 0 0 0 0 0 0 0 183 817 0 0 0 0 0 0 0 173 827 0 0 0 0 0 0 0 184 816 0 0 0 0 0 0 0 180 820 0 0 0 0 0 0 0
202 798 0 0 0 0 0 0 0 362 638 0 0 0 0 0 0 0 184 816 0 0 0 0 0 0 0 155 845 0 0 0 0 0 0 0 170 830 0 0 0 0 0 0 0 169 831 0 0 0 0 0 0 0 180 820 0 0 0 0 0 0 0
158 842 0 0 0 0 0 0 0 338 662 0 0 0 0 0 0 0 169 831 0 0 0 0 0 0 0 178 822 0 0 0 0 0 0 0 185 815 0 0 0 0 0 0 0 188 812 0 0 0 0 0 0 0 192 808 0 0 0 0 0 0 0
187 813 0 0 0 0 0 0 0 347 653 0 0 0 0 0 0 0 167 833 0 0 0 0 0 0 0 181 819 0 0 0 0 0 0 0 179 821 0 0 0 0 0 0 0 179 821 0 0 0 0 0 0 0 179 821 0 0 0 0 0 0 0
174 826 0 0 0 0 0 0 0 348 652 0 0 0 0 0 0 0 152 848 0 0 0 0 0 0 0 173 827 0 0 0 0 0 0 0 162 838 0 0 0 0 0 0 0 173 827 0 0 0 0 0 0 0 177 823 0 0 0 0 0 0 0
176 824 0 0 0 0 0 0 0 372 628 0 0 0 0 0 0 0 183 817 0 0 0 0 0 0 0 163 837 0 0 0 0 0 0 0 176 824 0 0 0 0 0 0 0 152 848 0 0 0 0 0 0 0 157 843 0 0 0 0 0 0 0
161 839 0 0 0 0 0 0 0 371 629 0 0 0 0 0 0 0 185 815 0 0 0 0 0 0 0 179 821 0 0 0 0 0 0 0 194 806 0 0 0 0 0 0 0 161 839 0 0 0 0 0 0 0 166 834 0 0 0 0 0 0 0
160 840 0 0 0 0 0 0 0 324 676 0 0 0 0 0 0 0 166 834 0 0 0 0 0 0 0 176 824 0 0 0 0 0 0 0 196 804 0 0 0 0 0 0 0 192 808 0 0 0 0 0 0 0 178 822 0 0 0 0 0 0 0
167 833 0 0 0 0 0 0 0 345 655 0 0 0 0 0 0 0 164 836 0 0 0 0 0 0 0 160 840 0 0 0 0 0 0 0 179 821 0 0 0 0 0 0 0 164 836 0 0 0 0 0 0 0 154 846 0 0 0 0 0 0 0
154 846 0 0 0 0 0 0 0 311 689 0 0 0 0 0 0 0 168 832 0 0 0 0 0 0 0 145 855 0 0 0 0 0 0 0 152 848 0 0 0 0 0 0 0 178 822 0 0 0 0 0 0 0 160 840 0 0 0 0 0 0 0
170 830 0 0 0 0 0 0 0 331 669 0 0 0 0 0 0 0 174 826 0 0 0 0 0 0 0 171 829 0 0 0 0 0 0 0 163 837 0 0 0 0 0 0 0 173 827 0 0 0 0 0 0 0 159 841 0 0 0 0 0 0 0
169 831 0 0 0 0 0 0 0 316 684 0 0 0 0 0 0 0 188 812 0 0 0 0 0 0 0 146 854 0 0 0 0 0 0 0 177 823 0 0 0 0 0 0 0 169 831 0 0 0 0 0 0 0 192 808 0 0 0 0 0 0 0
177 823 0 0 0 0 0 0 0 335 665 0 0 0 0 0 0 0 175 825 0 0 0 0 0 0 0 148 852 0 0 0 0 0 0 0 164 836 0 0 0 0 0 0 0 162 838 0 0 0 0 0 0 0 180 820 0 0 0 0 0 0 0
158 842 0 0 0 0 0 0 0 339 661 0 0 0 0 0 0 0 178 822 0 0 0 0 0 0 0 152 848 0 0 0 0 0 0 0 161 839 0 0 0 0 0 0 0 150 850 0 0 0 0 0 0 0 170 830 0 0 0 0 0 0 0
164 836 0 0 0 0 0 0 0 313 687 0 0 0 0 0 0 0 165 835 0 0 0 0 0 0 0 177 823 0 0 0 0 0 0 0 164 836 0 0 0 0 0 0 0 173 827 0 0 0 0 0 0 0 159 841 0 0 0 0 0 0 0
161 839 0 0 0 0 0 0 0 324 676 0 0 0 0 0 0 0 161 839 0 0 0 0 0 0 0 180 820 0 0 0 0 0 0 0 143 857 0 0 0 0 0 0 0 175 825 0 0 0 0 0 0 0 166 834 0 0 0 0 0 0 0
139 861 0 0 0 0 0 0 0 332 668 0 0 0 0 0 0 0 148 852 0 0 0 0 0 0 0 146 854 0 0 0 0 0 0 0 148 852 0 0 0 0 0 0 0 178 822 0 0 0 0 0 0 0 147 853 0 0 0 0 0 0 0
161 839 0 0 0 0 0 0 0 319 681 0 0 0 0 0 0 0 142 858 0 0 0 0 0 0 0 193 807 0 0 0 0 0 0 0 152 848 0 0 0 0 0 0 0 144 856 0 0 0 0 0 0 0 135 865 0 0 0 0 0 0 0
159 841 0 0 0 0 0 0 0 296 704 0 0 0 0 0 0 0 156 844 0 0 0 0 0 0 0 170 830 0 0 0 0 0 0 0 170 830 0 0 0 0 0 0 0 157 843 0 0 0 0 0 0 0 149 851 0 0 0 0 0 0 0
156 844 0 0 0 0 0 0 0 339 661 0 0 0 0 0 0 0 175 825 0 0 0 0 0 0 0 162 838 0 0 0 0 0 0 0 172 828 0 0 0 0 0 0 0 137 863 0 0 0 0 0 0 0 162 838 0 0 0 0 0 0 0
148 852 0 0 0 0 0 0 0 320 680 0 0 0 0 0 0 0 147 853 0 0 0 0 0 0 0 166 834 0 0 0 0 0 0 0 166 834 0 0 0 0 0 0 0 148 852 0 0 0 0 0 0 0 141 859 0 0 0 0 0 0 0
163 837 0 0 0 0 0 0 0 316 684 0 0 0 0 0 0 0 162 838 0 0 0 0 0 0 0 143 857 0 0 0 0 0 0 0 168 832 0 0 0 0 0 0 0 151 849 0 0 0 0 0 0 0 153 847 0 0 0 0 0 0 0
164 836 0 0 0 0 0 0 0 340 660 0 0 0 0 0 0 0 160 840 0 0 0 0 0 0 0 155 845 0 0 0 0 0 0 0 147 853 0 0 0 0 0 0 0 151 849 0 0 0 0 0 0 0 148 852 0 0 0 0 0 0 0
156 844 0 0 0 0 0 0 0 315 685 0 0 0 0 0 0 0 131 869 0 0 0 0 0 0 0 144 856 0 0 0 0 0 0 0 159 841 0 0 0 0 0 0 0 175 825 0 0 0 0 0 0 0 153 847 0 0 0 0 0 0 0
149 851 0 0 0 0 0 0 0 309 691 0 0 0 0 0 0 0 175 825 0 0 0 0 0 0 0 157 843 0 0 0 0 0 0 0 147 853 0 0 0 0 0 0 0 160 840 0 0 0 0 0 0 0 139 861 0 0 0 0 0 0 0
157 843 0 0 0 0 0 0 0 320 680 0 0 0 0 0 0 0 148 852 0 0 0 0 0 0 0 153 847 0 0 0 0 0 0 0 152 848 0 0 0 0 0 0 0 141 859 0 0 0 0 0 0 0 155 845 0 0 0 0 0 0 0
155 845 0 0 0 0 0 0 0 321 679 0 0 0 0 0 0 0 148 852 0 0 0 0 0 0 0 139 861 0 0 0 0 0 0 0 155 845 0 0 0 0 0 0 0 134 866 0 0 0 0 0 0 0 133 867 0 0 0 0 0 0 0
165 835 0 0 0 0 0 0 0 279 721 0 0 0 0 0 0 0 151 849 0 0 0 0 0 0 0 137 863 0 0 0 0 0 0 0 150 850 0 0 0 0 0 0 0 130 870 0 0 0 0 0 0 0 146 854 0 0 0 0 0 0 0
153 847 0 0 0 0 0 0 0 293 707 0 0 0 0 0 0 0 148 852 0 0 0 0 0 0 0 144 856 0 0 0 0 0 0 0 134 866 0 0 0 0 0 0 0 150 850 0 0 0 0 0 0 0 171 829 0 0 0 0 0 0 0
152 848 0 0 0 0 0 0 0 308 692 0 0 0 0 0 0 0 156 844 0 0 0 0 0 0 0 158 842 0 0 0 0 0 0 0 148 852 0 0 0 0 0 0 0 130 870 0 0 0 0 0 0 0 123 877 0 0 0 0 0 0 0
150 850 0 0 0 0 0 0 0 296 704 0 0 0 0 0 0 0 148 852 0 0 0 0 0 0 0 146 854 0 0 0 0 0 0 0 131 869 0 0 0 0 0 0 0 137 863 0 0 0 0 0 0 0 122 878 0 0 0 0 0 0 0
140 860 0 0 0 0 0 0 0 310 690 0 0 0 0 0 0 0 156 844 0 0 0 0 0 0 0 137 863 0 0 0 0 0 0 0 140 860 0 0 0 0 0 0 0 151 849 0 0 0 0 0 0 0 145 855 0 0 0 0 0 0 0
152 848 0 0 0 0 0 0 0 290 710 0 0 0 0 0 0 0 141 859 0 0 0 0 0 0 0 150 850 0 0 0 0 0 0 0 131 869 0 0 0 0 0 0 0 143 857 0 0 0 0 0 0 0 118 882 0 0 0 0 0 0 0
155 845 0 0 0 0 0 0 0 309 691 0 0 0 0 0 0 0 147 853 0 0 0 0 0 0 0 144 856 0 0 0 0 0 0 0 132 868 0 0 0 0 0 0 0 138 862 0 0 0 0 0 0 0 146 854 0 0 0 0 0 0 0
150 850 0 0 0 0 0 0 0 309 691 0 0 0 0 0 0 0 118 882 0 0 0 0 0 0 0 110 890 0 0 0 0 0 0 0 126 874 0 0 0 0 0 0 0 116 884 0 0 0 0 0 0 0 133 867 0 0 0 0 0 0 0
129 871 0 0 0 0 0 0 0 335 665 0 0 0 0 0 0 0 119 881 0 0 0 0 0 0 0 143 857 0 0 0 0 0 0 0 138 862 0 0 0 0 0 0 0 139 861 0 0 0 0 0 0 0 138 862 0 0 0 0 0 0 0
126 874 0 0 0 0 0 0 0 307 693 0 0 0 0 0 0 0 155 845 0 0 0 0 0 0 0 156 844 0 0 0 0 0 0 0 135 865 0 0 0 0 0 0 0 136 864 0 0 0 0 0 0 0 141 859 0 0 0 0 0 0 0
126 874 0 0 0 0 0 0 0 292 708 0 0 0 0 0 0 0 132 868 0 0 0 0 0 0 0 120 880 0 0 0 0 0 0 0 147 853 0 0 0 0 0 0 0 158 842 0 0 0 0 0 0 0 141 859 0 0 0 0 0 0 0
137 863 0 0 0 0 0 0 0 310 690 0 0 0 0 0 0 0 146 854 0 0 0 0 0 0 0 137 863 0 0 0 0 0 0 0 137 863 0 0 0 0 0 0 0 159 841 0 0 0 0 0 0 0 152 848 0 0 0 0 0 0 0
147 853 0 0 0 0 0 0 0 326 674 0 0 0 0 0 0 0 138 862 0 0 0 0 0 0 0 130 870 0 0 0 0 0 0 0 119 881 0 0 0 0 0 0 0 138 862 0 0 0 0 0 0 0 138 862 0 0 0 0 0 0 0
134 866 0 0 0 0 0 0 0 301 699 0 0 0 0 0 0 0 150 850 0 0 0 0 0 0 0 155 845 0 0 0 0 0 0 0 120 880 0 0 0 0 0 0 0 121 879 0 0 0 0 0 0 0 141 859 0 0 0 0 0 0 0
128 872 0 0 0 0 0 0 0 291 709 0 0 0 0 0 0 0 139 861 0 0 0 0 0 0 0 144 856 0 0 0 0 0 0 0 141 859 0 0 0 0 0 0 0 157 843 0 0 0 0 0 0 0 145 855 0 0 0 0 0 0 0
132 868 0 0 0 0 0 0 0 290 710 0 0 0 0 0 0 0 128 872 0 0 0 0 0 0 0 140 860 0 0 0 0 0 0 0 141 859 0 0 0 0 0 0 0 122 878 0 0 0 0 0 0 0 136 864 0 0 0 0 0 0 0
125 875 0 0 0 0 0 0 0 298 702 0 0 0 0 0 0 0 133 867 0 0 0 0 0 0 0 159 841 0 0 0 0 0 0 0 126 874 0 0 0 0 0 0 0 130 870 0 0 0 0 0 0 0 137 863 0 0 0 0 0 0 0
118 882 0 0 0 0 0 0 0 297 703 0 0 0 0 0 0 0 131 869 0 0 0 0 0 0 0 128 872 0 0 0 0 0 0 0 119 881 0 0 0 0 0 0 0 124 876 0 0 0 0 0 0 0 142 858 0 0 0 0 0 0 0
148 852 0 0 0 0 0 0 0 258 742 0 0 0 0 0 0 0 126 874 0 0 0 0 0 0 0 125 875 0 0 0 0 0 0 0 128 872 0 0 0 0 0 0 0 123 877 0 0 0 0 0 0 0 129 871 0 0 0 0 0 0 0
154 846 0 0 0 0 0 0 0 299 701 0 0 0 0 0 0 0 123 877 0 0 0 0 0 0 0 133 867 0 0 0 0 0 0 0 141 859 0 0 0 0 0 0 0 141 859 0 0 0 0 0 0 0 129 871 0 0 0 0 0 0 0
128 872 0 0 0 0 0 0 0 297 703 0 0 0 0 0 0 0 138 862 0 0 0 0 0 0 0 155 845 0 0 0 0 0 0 0 123 877 0 0 0 0 0 0 0 132 868 0 0 0 0 0 0 0 130 870 0 0 0 0 0 0 0
125 875 0 0 0 0 0 0 0 275 725 0 0 0 0 0 0 0 149 851 0 0 0 0 0 0 0 123 877 0 0 0 0 0 0 0 129 871 0 0 0 0 0 0 0 136 864 0 0 0 0 0 0 0 145 855 0 0 0 0 0 0 0
100 900 0 0 0 0 0 0 0 275 725 0 0 0 0 0 0 0 124 876 0 0 0 0 0 0 0 138 862 0 0 0 0 0 0 0 135 865 0 0 0 0 0 0 0 136 864 0 0 0 0 0 0 0 120 880 0 0 0 0 0 0 0
141 859 0 0 0 0 0 0 0 272 728 0 0 0 0 0 0 0 125 875 0 0 0 0 0 0 0 125 875 0 0 0 0 0 0 0 145 855 0 0 0 0 0 0 0 102 898 0 0 0 0 0 0 0 149 851 0 0 0 0 0 0 0
106 894 0 0 0 0 0 0 0 293 707 0 0 0 0 0 0 0 112 888 0 0 0 0 0 0 0 142 858 0 0 0 0 0 0 0 140 860 0 0 0 0 0 0 0 147 853 0 0 0 0 0 0 0 125 875 0 0 0 0 0 0 0
130 870 0 0 0 0 0 0 0 265 735 0 0 0 0 0 0 0 131 869 0 0 0 0 0 0 0 132 868 0 0 0 0 0 0 0 122 878 0 0 0 0 0 0 0 114 886 0 0 0 0 0 0 0 135 865 0 0 0 0 0 0 0
115 885 0 0 0 0 0 0 0 262 738 0 0 0 0 0 0 0 141 859 0 0 0 0 0 0 0 124 876 0 0 0 0 0 0 0 114 886 0 0 0 0 0 0 0 129 871 0 0 0 0 0 0 0 107 893 0 0 0 0 0 0 0
114 886 0 0 0 0 0 0 0 275 725 0 0 0 0 0 0 0 116 884 0 0 0 0 0 0 0 146 854 0 0 0 0 0 0 0 126 874 0 0 0 0 0 0 0 123 877 0 0 0 0 0 0 0 121 879 0 0 0 0 0 0 0
114 886 0 0 0 0 0 0 0 275 725 0 0 0 0 0 0 0 127 873 0 0 0 0 0 0 0 116 884 0 0 0 0 0 0 0 130 870 0 0 0 0 0 0 0 126 874 0 0 0 0 0 0 0 130 870 0 0 0 0 0 0 0
134 866 0 0 0 0 0 0 0 262 738 0 0 0 0 0 0 0 102 898 0 0 0 0 0 0 0 122 878 0 0 0 0 0 0 0 132 868 0 0 0 0 0 0 0 134 866 0 0 0 0 0 0 0 124 876 0 0 0 0 0 0 0
113 887 0 0 0 0 0 0 0 248 752 0 0 0 0 0 0 0 129 871 0 0 0 0 0 0 0 112 888 0 0 0 0 0 0 0 123 877 0 0 0 0 0 0 0 139 861 0 0 0 0 0 0 0 137 863 0 0 0 0 0 0 0
113 887 0 0 0 0 0 0 0 257 743 0 0 0 0 0 0 0 128 872 0 0 0 0 0 0 0 125 875 0 0 0 0 0 0 0 119 881 0 0 0 0 0 0 0 126 874 0 0 0 0 0 0 0 131 869 0 0 0 0 0 0 0
118 882 0 0 0 0 0 0 0 294 706 0 0 0 0 0 0 0 121 879 0 0 0 0 0 0 0 114 886 0 0 0 0 0 0 0 123 877 0 0 0 0 0 0 0 129 871 0 0 0 0 0 0 0 119 881 0 0 0 0 0 0 0
120 880 0 0 0 0 0 0 0 263 737 0 0 0 0 0 0 0 140 860 0 0 0 0 0 0 0 117 883 0 0 0 0 0 0 0 126 874 0 0 0 0 0 0 0 128 872 0 0 0 0 0 0 0 107 893 0 0 0 0 0 0 0
118 882 0 0 0 0 0 0 0 269 731 0 0 0 0 0 0 0 126 874 0 0 0 0 0 0 0 126 874 0 0 0 0 0 0 0 119 881 0 0 0 0 0 0 0 121 879 0 0 0 0 0 0 0 120 880 0 0 0 0 0 0 0
119 881 0 0 0 0 0 0 0 287 713 0 0 0 0 0 0 0 111 889 0 0 0 0 0 0 0 111 889 0 0 0 0 0 0 0 129 871 0 0 0 0 0 0 0 103 897 0 0 0 0 0 0 0 125 875 0 0 0 0 0 0 0
113 887 0 0 0 0 0 0 0 290 710 0 0 0 0 0 0 0 104 896 0 0 0 0 0 0 0 112 888 0 0 0 0 0 0 0 101 899 0 0 0 0 0 0 0 105 895 0 0 0 0 0 0 0 110 890 0 0 0 0 0 0 0
112 888 0 0 0 0 0 0 0 273 727 0 0 0 0 0 0 0 123 877 0 0 0 0 0 0 0 111 889 0 0 0 0 0 0 0 124 876 0 0 0 0 0 0 0 118 882 0 0 0 0 0 0 0 110 890 0 0 0 0 0 0 0
111 889 0 0 0 0 0 0 0 285 715 0 0 0 0 0 0 0 120 880 0 0 0 0 0 0 0 116 884 0 0 0 0 0 0 0 103 897 0 0 0 0 0 0 0 110 890 0 0 0 0 0 0 0 107 893 0 0 0 0 0 0 0
120 880 0 0 0 0 0 0 0 266 734 0 0 0 0 0 0 0 118 882 0 0 0 0 0 0 0 112 888 0 0 0 0 0 0 0 76 924 0 0 0 0 0 0 0 105 895 0 0 0 0 0 0 0 97 903 0 0 0 0 0 0 0
110 890 0 0 0 0 0 0 0 275 725 0 0 0 0 0 0 0 113 887 0 0 0 0 0 0 0 122 878 0 0 0 0 0 0 0 115 885 0 0 0 0 0 0 0 115 885 0 0 0 0 0 0 0 120 880 0 0 0 0 0 0 0
119 881 0 0 0 0 0 0 0 282 718 0 0 0 0 0 0 0 116 884 0 0 0 0 0 0 0 106 894 0 0 0 0 0 0 0 115 885 0 0 0 0 0 0 0 124 876 0 0 0 0 0 0 0 130 870 0 0 0 0 0 0 0
118 882 0 0 0 0 0 0 0 288 712 0 0 0 0 0 0 0 113 887 0 0 0 0 0 0 0 117 883 0 0 0 0 0 0 0 117 883 0 0 0 0 0 0 0 110 890 0 0 0 0 0 0 0 134 866 0 0 0 0 0 0 0
124 876 0 0 0 0 0 0 0 231 769 0 0 0 0 0 0 0 97 903 0 0 0 0 0 0 0 99 901 0 0 0 0 0 0 0 107 893 0 0 0 0 0 0 0 116 884 0 0 0 0 0 0 0 115 885 0 0 0 0 0 0 0
97 903 0 0 0 0 0 0 0 282 718 0 0 0 0 0 0 0 120 880 0 0 0 0 0 0 0 108 892 0 0 0 0 0 0 0 111 889 0 0 0 0 0 0 0 121 879 0 0 0 0 0 0 0 104 896 0 0 0 0 0 0 0
109 891 0 0 0 0 0 0 0 257 743 0 0 0 0 0 0 0 103 897 0 0 0 0 0 0 0 89 911 0 0 0 0 0 0 0 121 879 0 0 0 0 0 0 0 113 887 0 0 0 0 0 0 0 119 881 0 0 0 0 0 0 0
112 888 0 0 0 0 0 0 0 247 753 0 0 0 0 0 0 0 114 886 0 0 0 0 0 0 0 94 906 0 0 0 0 0 0 0 98 902 0 0 0 0 0 0 0 95 905 0 0 0 0 0 0 0 111 889 0 0 0 0 0 0 0
123 877 0 0 0 0 0 0 0 241 759 0 0 0 0 0 0 0 117 883 0 0 0 0 0 0 0 113 887 0 0 0 0 0 0 0 142 858 0 0 0 0 0 0 0 108 892 0 0 0 0 0 0 0 117 883 0 0 0 0 0 0 0
125 875 0 0 0 0 0 0 0 258 742 0 0 0 0 0 0 0 119 881 0 0 0 0 0 0 0 117 883 0 0 0 0 0 0 0 126 874 0 0 0 0 0 0 0 101 899 0 0 0 0 0 0 0 100 900 0 0 0 0 0 0 0
103 897 0 0 0 0 0 0 0 260 740 0 0 0 0 0 0 0 108 892 0 0 0 0 0 0 0 108 892 0 0 0 0 0 0 0 104 896 0 0 0 0 0 0 0 107 893 0 0 0 0 0 0 0 106 894 0 0 0 0 0 0 0
107 893 0 0 0 0 0 0 0 242 758 0 0 0 0 0 0 0 123 877 0 0 0 0 0 0 0 110 890 0 0 0 0 0 0 0 113 887 0 0 0 0 0 0 0 96 904 0 0 0 0 0 0 0 106 894 0 0 0 0 0 0 0
112 888 0 0 0 0 0 0 0 256 744 0 0 0 0 0 0 0 112 888 0 0 0 0 0 0 0 99 901 0 0 0 0 0 0 0 132 868 0 0 0 0 0 0 0 111 889 0 0 0 0 0 0 0 103 897 0 0 0 0 0 0 0
107 893 0 0 0 0 0 0 0 260 740 0 0 0 0 0 0 0 97 903 0 0 0 0 0 0 0 109 891 0 0 0 0 0 0 0 114 886 0 0 0 0 0 0 0 105 895 0 0 0 0 0 0 0 111 889 0 0 0 0 0 0 0
108 892 0 0 0 0 0 0 0 247 753 0 0 0 0 0 0 0 111 889 0 0 0 0 0 0 0 88 912 0 0 0 0 0 0 0 95 905 0 0 0 0 0 0 0 103 897 0 0 0 0 0 0 0 104 896 0 0 0 0 0 0 0
109 891 0 0 0 0 0 0 0 273 727 0 0 0 0 0 0 0 81 919 0 0 0 0 0 0 0 89 911 0 0 0 0 0 0 0 120 880 0 0 0 0 0 0 0 103 897 0 0 0 0 0 0 0 118 882 0 0 0 0 0 0 0
120 880 0 0 0 0 0 0 0 245 755 0 0 0 0 0 0 0 103 897 0 0 0 0 0 0 0 89 911 0 0 0 0 0 0 0 99 901 0 0 0 0 0 0 0 84 916 0 0 0 0 0 0 0 99 901 0 0 0 0 0 0 0
114 886 0 0 0 0 0 0 0 265 735 0 0 0 0 0 0 0 103 897 0 0 0 0 0 0 0 111 889 0 0 0 0 0 0 0 89 911 0 0 0 0 0 0 0 96 904 0 0 0 0 0 0 0 120 880 0 0 0 0 0 0 0
112 888 0 0 0 0 0 0 0 268 732 0 0 0 0 0 0 0 125 875 0 0 0 0 0 0 0 100 900 0 0 0 0 0 0 0 100 900 0 0 0 0 0 0 0 112 888 0 0 0 0 0 0 0 103 897 0 0 0 0 0 0 0
109 891 0 0 0 0 0 0 0 255 745 0 0 0 0 0 0 0 109 891 0 0 0 0 0 0 0 111 889 0 0 0 0 0 0 0 97 903 0 0 0 0 0 0 0 96 904 0 0 0 0 0 0 0 112 888 0 0 0 0 0 0 0
103 897 0 0 0 0 0 0 0 249 751 0 0 0 0 0 0 0 92 908 0 0 0 0 0 0 0 104 896 0 0 0 0 0 0 0 103 897 0 0 0 0 0 0 0 77 923 0 0 0 0 0 0 0 95 905 0 0 0 0 0 0 0
105 895 0 0 0 0 0 0 0 246 754 0 0 0 0 0 0 0 105 895 0 0 0 0 0 0 0 110 890 0 0 0 0 0 0 0 101 899 0 0 0 0 0 0 0 90 910 0 0 0 0 0 0 0 102 898 0 0 0 0 0 0 0
115 885 0 0 0 0 0 0 0 234 766 0 0 0 0 0 0 0 93 907 0 0 0 0 0 0 0 90 910 0 0 0 0 0 0 0 79 921 0 0 0 0 0 0 0 93 907 0 0 0 0 0 0 0 95 905 0 0 0 0 0 0 0
105 895 0 0 0 0 0 0 0 245 755 0 0 0 0 0 0 0 99 901 0 0 0 0 0 0 0 98 902 0 0 0 0 0 0 0 90 910 0 0 0 0 0 0 0 115 885 0 0 0 0 0 0 0 98 902 0 0 0 0 0 0 0
104 896 0 0 0 0 0 0 0 238 762 0 0 0 0 0 0 0 118 882 0 0 0 0 0 0 0 82 918 0 0 0 0 0 0 0 90 910 0 0 0 0 0 0 0 101 899 0 0 0 0 0 0 0 104 896 0 0 0 0 0 0 0
112 888 0 0 0 0 0 0 0 223 777 0 0 0 0 0 0 0 103 897 0 0 0 0 0 0 0 81 919 0 0 0 0 0 0 0 113 887 0 0 0 0 0 0 0 102 898 0 0 0 0 0 0 0 89 911 0 0 0 0 0 0 0
91 909 0 0 0 0 0 0 0 230 770 0 0 0 0 0 0 0 91 909 0 0 0 0 0 0 0 106 894 0 0 0 0 0 0 0 98 902 0 0 0 0 0 0 0 95 905 0 0 0 0 0 0 0 93 907 0 0 0 0 0 0 0
109 891 0 0 0 0 0 0 0 253 747 0 0 0 0 0 0 0 101 899 0 0 0 0 0 0 0 91 909 0 0 0 0 0 0 0 84 916 0 0 0 0 0 0 0 101 899 0 0 0 0 0 0 0 107 893 0 0 0 0 0 0 0
91 909 0 0 0 0 0 0 0 233 767 0 0 0 0 0 0 0 91 909 0 0 0 0 0 0 0 89 911 0 0 0 0 0 0 0 84 916 0 0 0 0 0 0 0 88 912 0 0 0 0 0 0 0 96 904 0 0 0 0 0 0 0
87 913 0 0 0 0 0 0 0 236 764 0 0 0 0 0 0 0 86 914 0 0 0 0 0 0 0 102 898 0 0 0 0 0 0 0 98 902 0 0 0 0 0 0 0 96 904 0 0 0 0 0 0 0 106 894 0 0 0 0 0 0 0
113 887 0 0 0 0 0 0 0 252 748 0 0 0 0 0 0 0 100 900 0 0 0 0 0 0 0 79 921 0 0 0 0 0 0 0 90 910 0 0 0 0 0 0 0 116 884 0 0 0 0 0 0 0 95 905 0 0 0 0 0 0 0
93 907 0 0 0 0 0 0 0 236 764 0 0 0 0 0 0 0 98 902 0 0 0 0 0 0 0 90 910 0 0 0 0 0 0 0 85 915 0 0 0 0 0 0 0 100 900 0 0 0 0 0 0 0 105 895 0 0 0 0 0 0 0
96 904 0 0 0 0 0 0 0 229 771 0 0 0 0 0 0 0 93 907 0 0 0 0 0 0 0 93 907 0 0 0 0 0 0 0 101 899 0 0 0 0 0 0 0 88 912 0 0 0 0 0 0 0 101 899 0 0 0 0 0 0 0
82 918 0 0 0 0 0 0 0 210 790 0 0 0 0 0 0 0 105 895 0 0 0 0 0 0 0 87 913 0 0 0 0 0 0 0 94 906 0 0 0 0 0 0 0 88 912 0 0 0 0 0 0 0 91 909 0 0 0 0 0 0 0
91 909 0 0 0 0 0 0 0 230 770 0 0 0 0 0 0 0 88 912 0 0 0 0 0 0 0 89 911 0 0 0 0 0 0 0 87 913 0 0 0 0 0 0 0 92 908 0 0 0 0 0 0 0 80 920 0 0 0 0 0 0 0
81 919 0 0 0 0 0 0 0 228 772 0 0 0 0 0 0 0 85 915 0 0 0 0 0 0 0 79 921 0 0 0 0 0 0 0 104 896 0 0 0 0 0 0 0 77 923 0 0 0 0 0 0 0 91 909 0 0 0 0 0 0 0
64 936 0 0 0 0 0 0 0 220 780 0 0 0 0 0 0 0 86 914 0 0 0 0 0 0 0 94 906 0 0 0 0 0 0 0 92 908 0 0 0 0 0 0 0 88 912 0 0 0 0 0 0 0 88 912 0 0 0 0 0 0 0
91 909 0 0 0 0 0 0 0 234 766 0 0 0 0 0 0 0 80 920 0 0 0 0 0 0 0 91 909 0 0 0 0 0 0 0 84 916 0 0 0 0 0 0 0 82 918 0 0 0 0 0 0 0 77 923 0 0 0 0 0 0 0
86 914 0 0 0 0 0 0 0 214 786 0 0 0 0 0 0 0 74 926 0 0 0 0 0 0 0 88 912 0 0 0 0 0 0 0 89 911 0 0 0 0 0 0 0 84 916 0 0 0 0 0 0 0 85 915 0 0 0 0 0 0 0
76 924 0 0 0 0 0 0 0 231 769 0 0 0 0 0 0 0 85 915 0 0 0 0 0 0 0 98 902 0 0 0 0 0 0 0 83 917 0 0 0 0 0 0 0 84 916 0 0 0 0 0 0 0 80 920 0 0 0 0 0 0 0
77 923 0 0 0 0 0 0 0 223 777 0 0 0 0 0 0 0 95 905 0 0 0 0 0 0 0 94 906 0 0 0 0 0 0 0 80 920 0 0 0 0 0 0 0 81 919 0 0 0 0 0 0 0 81 919 0 0 0 0 0 0 0
83 917 0 0 0 0 0 0 0 230 770 0 0 0 0 0 0 0 75 925 0 0 0 0 0 0 0 73 927 0 0 0 0 0 0 0 83 917 0 0 0 0 0 0 0 83 917 0 0 0 0 0 0 0 88 912 0 0 0 0 0 0 0
94 906 0 0 0 0 0 0 0 265 735 0 0 0 0 0 0 0 86 914 0 0 0 0 0 0 0 84 916 0 0 0 0 0 0 0 102 898 0 0 0 0 0 0 0 84 916 0 0 0 0 0 0 0 77 923 0 0 0 0 0 0 0
75 925 0 0 0 0 0 0 0 222 778 0 0 0 0 0 0 0 89 911 0 0 0 0 0 0 0 92 908 0 0 0 0 0 0 0 83 917 0 0 0 0 0 0 0 76 924 0 0 0 0 0 0 0 84 916 0 0 0 0 0 0 0
87 913 0 0 0 0 0 0 0 221 779 0 0 0 0 0 0 0 84 916 0 0 0 0 0 0 0 85 915 0 0 0 0 0 0 0 89 911 0 0 0 0 0 0 0 81 919 0 0 0 0 0 0 0 93 907 0 0 0 0 0 0 0
87 913 0 0 0 0 0 0 0 229 771 0 0 0 0 0 0 0 79 921 0 0 0 0 0 0 0 96 904 0 0 0 0 0 0 0 92 908 0 0 0 0 0 0 0 85 915 0 0 0 0 0 0 0 78 922 0 0 0 0 0 0 0
80 920 0 0 0 0 0 0 0 241 759 0 0 0 0 0 0 0 89 911 0 0 0 0 0 0 0 98 902 0 0 0 0 0 0 0 74 926 0 0 0 0 0 0 0 75 925 0 0 0 0 0 0 0 73 927 0 0 0 0 0 0 0
81 919 0 0 0 0 0 0 0 216 784 0 0 0 0 0 0 0 94 906 0 0 0 0 0 0 0 97 903 0 0 0 0 0 0 0 82 918 0 0 0 0 0 0 0 93 907 0 0 0 0 0 0 0 90 910 0 0 0 0 0 0 0
96 904 0 0 0 0 0 0 0 222 778 0 0 0 0 0 0 0 68 932 0 0 0 0 0 0 0 84 916 0 0 0 0 0 0 0 90 910 0 0 0 0 0 0 0 84 916 0 0 0 0 0 0 0 92 908 0 0 0 0 0 0 0
83 917 0 0 0 0 0 0 0 222 778 0 0 0 0 0 0 0 92 908 0 0 0 0 0 0 0 75 925 0 0 0 0 0 0 0 76 924 0 0 0 0 0 0 0 78 922 0 0 0 0 0 0 0 77 923 0 0 0 0 0 0 0
103 897 0 0 0 0 0 0 0 206 794 0 0 0 0 0 0 0 80 920 0 0 0 0 0 0 0 82 918 0 0 0 0 0 0 0 99 901 0 0 0 0 0 0 0 83 917 0 0 0 0 0 0 0 77 923 0 0 0 0 0 0 0
77 923 0 0 0 0 0 0 0 222 778 0 0 0 0 0 0 0 83 917 0 0 0 0 0 0 0 78 922 0 0 0 0 0 0 0 77 923 0 0 0 0 0 0 0 87 913 0 0 0 0 0 0 0 76 924 0 0 0 0 0 0 0
82 918 0 0 0 0 0 0 0 231 769 0 0 0 0 0 0 0 70 930 0 0 0 0 0 0 0 82 918 0 0 0 0 0 0 0 78 922 0 0 0 0 0 0 0 96 904 0 0 0 0 0 0 0 87 913 0 0 0 0 0 0 0
87 913 0 0 0 0 0 0 0 233 767 0 0 0 0 0 0 0 91 909 0 0 0 0 0 0 0 86 914 0 0 0 0 0 0 0 76 924 0 0 0 0 0 0 0 80 920 0 0 0 0 0 0 0 78 922 0 0 0 0 0 0 0
73 927 0 0 0 0 0 0 0 211 789 0 0 0 0 0 0 0 87 913 0 0 0 0 0 0 0 85 915 0 0 0 0 0 0 0 89 911 0 0 0 0 0 0 0 69 931 0 0 0 0 0 0 0 91 909 0 0 0 0 0 0 0
88 912 0 0 0 0 0 0 0 207 793 0 0 0 0 0 0 0 75 925 0 0 0 0 0 0 0 66 934 0 0 0 0 0 0 0 82 918 0 0 0 0 0 0 0 77 923 0 0 0 0 0 0 0 86 914 0 0 0 0 0 0 0
70 930 0 0 0 0 0 0 0 223 777 0 0 0 0 0 0 0 83 917 0 0 0 0 0 0 0 76 924 0 0 0 0 0 0 0 94 906 0 0 0 0 0 0 0 86 914 0 0 0 0 0 0 0 76 924 0 0 0 0 0 0 0
91 909 0 0 0 0 0 0 0 218 782 0 0 0 0 0 0 0 65 935 0 0 0 0 0 0 0 66 934 0 0 0 0 0 0 0 85 915 0 0 0 0 0 0 0 76 924 0 0 0 0 0 0 0 64 936 0 0 0 0 0 0 0
86 914 0 0 0 0 0 0 0 191 809 0 0 0 0 0 0 0 66 934 0 0 0 0 0 0 0 73 927 0 0 0 0 0 0 0 72 928 0 0 0 0 0 0 0 76 924 0 0 0 0 0 0 0 80 920 0 0 0 0 0 0 0
79 921 0 0 0 0 0 0 0 219 781 0 0 0 0 0 0 0 73 927 0 0 0 0 0 0 0 57 943 0 0 0 0 0 0 0 80 920 0 0 0 0 0 0 0 86 914 0 0 0 0 0 0 0 82 918 0 0 0 0 0 0 0
74 926 0 0 0 0 0 0 0 239 761 0 0 0 0 0 0 0 78 922 0 0 0 0 0 0 0 77 923 0 0 0 0 0 0 0 83 917 0 0 0 0 0 0 0 66 934 0 0 0 0 0 0 0 73 927 0 0 0 0 0 0 0
83 917 0 0 0 0 0 0 0 236 764 0 0 0 0 0 0 0 80 920 0 0 0 0 0 0 0 91 909 0 0 0 0 0 0 0 79 921 0 0 0 0 0 0 0 77 923 0 0 0 0 0 0 0 79 921 0 0 0 0 0 0 0
88 912 0 0 0 0 0 0 0 204 796 0 0 0 0 0 0 0 79 921 0 0 0 0 0 0 0 64 936 0 0 0 0 0 0 0 69 931 0 0 0 0 0 0 0 78 922 0 0 0 0 0 0 0 74 926 0 0 0 0 0 0 0
82 918 0 0 0 0 0 0 0 218 782 0 0 0 0 0 0 0 71 929 0 0 0 0 0 0 0 75 925 0 0 0 0 0 0 0 53 947 0 0 0 0 0 0 0 92 908 0 0 0 0 0 0 0 65 935 0 0 0 0 0 0 0
74 926 0 0 0 0 0 0 0 209 791 0 0 0 0 0 0 0 67 933 0 0 0 0 0 0 0 78 922 0 0 0 0 0 0 0 67 933 0 0 0 0 0 0 0 72 928 0 0 0 0 0 0 0 85 915 0 0 0 0 0 0 0
73 927 0 0 0 0 0 0 0 232 768 0 0 0 0 0 0 0 69 931 0 0 0 0 0 0 0 57 943 0 0 0 0 0 0 0 83 917 0 0 0 0 0 0 0 79 921 0 0 0 0 0 0 0 63 937 0 0 0 0 0 0 0
84 916 0 0 0 0 0 0 0 195 805 0 0 0 0 0 0 0 71 929 0 0 0 0 0 0 0 73 927 0 0 0 0 0 0 0 82 918 0 0 0 0 0 0 0 72 928 0 0 0 0 0 0 0 77 923 0 0 0 0 0 0 0
73 927 0 0 0 0 0 0 0 210 790 0 0 0 0 0 0 0 62 938 0 0 0 0 0 0 0 59 941 0 0 0 0 0 0 0 70 930 0 0 0 0 0 0 0 74 926 0 0 0 0 0 0 0 63 937 0 0 0 0 0 0 0
71 929 0 0 0 0 0 0 0 201 799 0 0 0 0 0 0 0 80 920 0 0 0 0 0 0 0 62 938 0 0 0 0 0 0 0 70 930 0 0 0 0 0 0 0 67 933 0 0 0 0 0 0 0 68 932 0 0 0 0 0 0 0
67 933 0 0 0 0 0 0 0 199 801 0 0 0 0 0 0 0 60 940 0 0 0 0 0 0 0 61 939 0 0 0 0 0 0 0 68 932 0 0 0 0 0 0 0 76 924 0 0 0 0 0 0 0 66 934 0 0 0 0 0 0 0
71 929 0 0 0 0 0 0 0 228 772 0 0 0 0 0 0 0 82 918 0 0 0 0 0 0 0 81 919 0 0 0 0 0 0 0 77 923 0 0 0 0 0 0 0 70 930 0 0 0 0 0 0 0 65 935 0 0 0 0 0 0 0
83 917 0 0 0 0 0 0 0 210 790 0 0 0 0 0 0 0 81 919 0 0 0 0 0 0 0 72 928 0 0 0 0 0 0 0 88 912 0 0 0 0 0 0 0 65 935 0 0 0 0 0 0 0 67 933 0 0 0 0 0 0 0
70 930 0 0 0 0 0 0 0 172 828 0 0 0 0 0 0 0 65 935 0 0 0 0 0 0 0 83 917 0 0 0 0 0 0 0 76 924 0 0 0 0 0 0 0 81 919 0 0 0 0 0 0 0 72 928 0 0 0 0 0 0 0
73 927 0 0 0 0 0 0 0 206 794 0 0 0 0 0 0 0 73 927 0 0 0 0 0 0 0 80 920 0 0 0 0 0 0 0 82 918 0 0 0 0 0 0 0 66 934 0 0 0 0 0 0 0 62 938 0 0 0 0 0 0 0
76 924 0 0 0 0 0 0 0 212 788 0 0 0 0 0 0 0 73 927 0 0 0 0 0 0 0 69 931 0 0 0 0 0 0 0 73 927 0 0 0 0 0 0 0 77 923 0 0 0 0 0 0 0 65 935 0 0 0 0 0 0 0
81 919 0 0 0 0 0 0 0 190 810 0 0 0 0 0 0 0 70 930 0 0 0 0 0 0 0 70 930 0 0 0 0 0 0 0 83 917 0 0 0 0 0 0 0 66 934 0 0 0 0 0 0 0 70 930 0 0 0 0 0 0 0
56 944 0 0 0 0 0 0 0 182 818 0 0 0 0 0 0 0 78 922 0 0 0 0 0 0 0 74 926 0 0 0 0 0 0 0 78 922 0 0 0 0 0 0 0 69 931 0 0 0 0 0 0 0 76 924 0 0 0 0 0 0 0
77 923 0 0 0 0 0 0 0 230 770 0 0 0 0 0 0 0 63 937 0 0 0 0 0 0 0 71 929 0 0 0 0 0 0 0 72 928 0 0 0 0 0 0 0 76 924 0 0 0 0 0 0 0 63 937 0 0 0 0 0 0 0
80 920 0 0 0 0 0 0 0 202 798 0 0 0 0 0 0 0 64 936 0 0 0 0 0 0 0 73 927 0 0 0 0 0 0 0 74 926 0 0 0 0 0 0 0 61 939 0 0 0 0 0 0 0 58 942 0 0 0 0 0 0 0
70 930 0 0 0 0 0 0 0 212 788 0 0 0 0 0 0 0 72 928 0 0 0 0 0 0 0 78 922 0 0 0 0 0 0 0 73 927 0 0 0 0 0 0 0 67 933 0 0 0 0 0 0 0 69 931 0 0 0 0 0 0 0
67 933 0 0 0 0 0 0 0 197 803 0 0 0 0 0 0 0 61 939 0 0 0 0 0 0 0 67 933 0 0 0 0 0 0 0 83 917 0 0 0 0 0 0 0 55 945 0 0 0 0 0 0 0 69 931 0 0 0 0 0 0 0
65 935 0 0 0 0 0 0 0 189 811 0 0 0 0 0 0 0 76 924 0 0 0 0 0 0 0 59 941 0 0 0 0 0 0 0 58 942 0 0 0 0 0 0 0 78 922 0 0 0 0 0 0 0 74 926 0 0 0 0 0 0 0
72 928 0 0 0 0 0 0 0 188 812 0 0 0 0 0 0 0 57 943 0 0 0 0 0 0 0 68 932 0 0 0 0 0 0 0 79 921 0 0 0 0 0 0 0 75 925 0 0 0 0 0 0 0 57 943 0 0 0 0 0 0 0
64 936 0 0 0 0 0 0 0 211 789 0 0 0 0 0 0 0 63 937 0 0 0 0 0 0 0 63 937 0 0 0 0 0 0 0 62 938 0 0 0 0 0 0 0 76 924 0 0 0 0 0 0 0 66 934 0 0 0 0 0 0 0
63 937 0 0 0 0 0 0 0 199 801 0 0 0 0 0 0 0 67 933 0 0 0 0 0 0 0 74 926 0 0 0 0 0 0 0 65 935 0 0 0 0 0 0 0 64 936 0 0 0 0 0 0 0 64 936 0 0 0 0 0 0 0
68 932 0 0 0 0 0 0 0 173 827 0 0 0 0 0 0 0 48 952 0 0 0 0 0 0 0 62 938 0 0 0 0 0 0 0 54 946 0 0 0 0 0 0 0 68 932 0 0 0 0 0 0 0 76 924 0 0 0 0 0 0 0
53 947 0 0 0 0 0 0 0 189 811 0 0 0 0 0 0 0 76 924 0 0 0 0 0 0 0 54 946 0 0 0 0 0 0 0 66 934 0 0 0 0 0 0 0 59 941 0 0 0 0 0 0 0 56 944 0 0 0 0 0 0 0
70 930 0 0 0 0 0 0 0 202 798 0 0 0 0 0 0 0 67 933 0 0 0 0 0 0 0 68 932 0 0 0 0 0 0 0 66 934 0 0 0 0 0 0 0 64 936 0 0 0 0 0 0 0 71 929 0 0 0 0 0 0 0
63 937 0 0 0 0 0 0 0 196 804 0 0 0 0 0 0 0 57 943 0 0 0 0 0 0 0 58 942 0 0 0 0 0 0 0 63 937 0 0 0 0 0 0 0 79 921 0 0 0 0 0 0 0 70 930 0 0 0 0 0 0 0
56 944 0 0 0 0 0 0 0 195 805 0 0 0 0 0 0 0 51 949 0 0 0 0 0 0 0 67 933 0 0 0 0 0 0 0 52 948 0 0 0 0 0 0 0 57 943 0 0 0 0 0 0 0 68 932 0 0 0 0 0 0 0
68 932 0 0 0 0 0 0 0 177 823 0 0 0 0 0 0 0 62 938 0 0 0 0 0 0 0 70 930 0 0 0 0 0 0 0 63 937 0 0 0 0 0 0 0 61 939 0 0 0 0 0 0 0 47 953 0 0 0 0 0 0 0
53 947 0 0 0 0 0 0 0 194 806 0 0 0 0 0 0 0 68 932 0 0 0 0 0 0 0 70 930 0 0 0 0 0 0 0 83 917 0 0 0 0 0 0 0 59 941 0 0 0 0 0 0 0 75 925 0 0 0 0 0 0 0
55 945 0 0 0 0 0 0 0 179 821 0 0 0 0 0 0 0 66 934 0 0 0 0 0 0 0 64 936 0 0 0 0 0 0 0 71 929 0 0 0 0 0 0 0 57 943 0 0 0 0 0 0 0 66 934 0 0 0 0 0 0 0
59 941 0 0 0 0 0 0 0 172 828 0 0 0 0 0 0 0 55 945 0 0 0 0 0 0 0 63 937 0 0 0 0 0 0 0 79 921 0 0 0 0 0 0 0 68 932 0 0 0 0 0 0 0 62 938 0 0 0 0 0 0 0
75 925 0 0 0 0 0 0 0 187 813 0 0 0 0 0 0 0 53 947 0 0 0 0 0 0 0 60 940 0 0 0 0 0 0 0 72 928 0 0 0 0 0 0 0 67 933 0 0 0 0 0 0 0 70 930 0 0 0 0 0 0 0
45 955 0 0 0 0 0 0 0 193 807 0 0 0 0 0 0 0 53 947 0 0 0 0 0 0 0 58 942 0 0 0 0 0 0 0 57 943 0 0 0 0 0 0 0 72 928 0 0 0 0 0 0 0 66 934 0 0 0 0 0 0 0
62 938 0 0 0 0 0 0 0 193 807 0 0 0 0 0 0 0 51 949 0 0 0 0 0 0 0 63 937 0 0 0 0 0 0 0 70 930 0 0 0 0 0 0 0 54 946 0 0 0 0 0 0 0 87 913 0 0 0 0 0 0 0
69 931 0 0 0 0 0 0 0 170 830 0 0 0 0 0 0 0 70 930 0 0 0 0 0 0 0 59 941 0 0 0 0 0 0 0 64 936 0 0 0 0 0 0 0 68 932 0 0 0 0 0 0 0 54 946 0 0 0 0 0 0 0
65 935 0 0 0 0 0 0 0 190 810 0 0 0 0 0 0 0 65 935 0 0 0 0 0 0 0 57 943 0 0 0 0 0 0 0 59 941 0 0 0 0 0 0 0 58 942 0 0 0 0 0 0 0 63 937 0 0 0 0 0 0 0
75 925 0 0 0 0 0 0 0 192 808 0 0 0 0 0 0 0 61 939 0 0 0 0 0 0 0 75 925 0 0 0 0 0 0 0 66 934 0 0 0 0 0 0 0 52 948 0 0 0 0 0 0 0 59 941 0 0 0 0 0 0 0
57 943 0 0 0 0 0 0 0 178 822 0 0 0 0 0 0 0 58 942 0 0 0 0 0 0 0 54 946 0 0 0 0 0 0 0 62 938 0 0 0 0 0 0 0 60 940 0 0 0 0 0 0 0 69 931 0 0 0 0 0 0 0
70 930 0 0 0 0 0 0 0 181 819 0 0 0 0 0 0 0 78 922 0 0 0 0 0 0 0 62 938 0 0 0 0 0 0 0 47 953 0 0 0 0 0 0 0 61 939 0 0 0 0 0 0 0 58 942 0 0 0 0 0 0 0
61 939 0 0 0 0 0 0 0 171 829 0 0 0 0 0 0 0 65 935 0 0 0 0 0 0 0 40 960 0 0 0 0 0 0 0 50 950 0 0 0 0 0 0 0 55 945 0 0 0 0 0 0 0 70 930 0 0 0 0 0 0 0
59 941 0 0 0 0 0 0 0 167 833 0 0 0 0 0 0 0 64 936 0 0 0 0 0 0 0 52 948 0 0 0 0 0 0 0 61 939 0 0 0 0 0 0 0 72 928 0 0 0 0 0 0 0 67 933 0 0 0 0 0 0 0
60 940 0 0 0 0 0 0 0 179 821 0 0 0 0 0 0 0 57 943 0 0 0 0 0 0 0 61 939 0 0 0 0 0 0 0 59 941 0 0 0 0 0 0 0 50 950 0 0 0 0 0 0 0 66 934 0 0 0 0 0 0 0
70 930 0 0 0 0 0 0 0 186 814 0 0 0 0 0 0 0 65 935 0 0 0 0 0 0 0 66 934 0 0 0 0 0 0 0 73 927 0 0 0 0 0 0 0 58 942 0 0 0 0 0 0 0 49 951 0 0 0 0 0 0 0
58 942 0 0 0 0 0 0 0 195 805 0 0 0 0 0 0 0 56 944 0 0 0 0 0 0 0 55 945 0 0 0 0 0 0 0 49 951 0 0 0 0 0 0 0 63 937 0 0 0 0 0 0 0 46 954 0 0 0 0 0 0 0
64 936 0 0 0 0 0 0 0 184 816 0 0 0 0 0 0 0 67 933 0 0 0 0 0 0 0 63 937 0 0 0 0 0 0 0 51 949 0 0 0 0 0 0 0 58 942 0 0 0 0 0 0 0 56 944 0 0 0 0 0 0 0
50 950 0 0 0 0 0 0 0 155 845 0 0 0 0 0 0 0 57 943 0 0 0 0 0 0 0 46 954 0 0 0 0 0 0 0 62 938 0 0 0 0 0 0 0 54 946 0 0 0 0 0 0 0 48 952 0 0 0 0 0 0 0
63 937 0 0 0 0 0 0 0 178 822 0 0 0 0 0 0 0 54 946 0 0 0 0 0 0 0 65 935 0 0 0 0 0 0 0 48 952 0 0 0 0 0 0 0 61 939 0 0 0 0 0 0 0 63 937 0 0 0 0 0 0 0
60 940 0 0 0 0 0 0 0 172 828 0 0 0 0 0 0 0 56 944 0 0 0 0 0 0 0 51 949 0 0 0 0 0 0 0 63 937 0 0 0 0 0 0 0 63 937 0 0 0 0 0 0 0 53 947 0 0 0 0 0 0 0
43 957 0 0 0 0 0 0 0 197 803 0 0 0 0 0 0 0 64 936 0 0 0 0 0 0 0 56 944 0 0 0 0 0 0 0 58 942 0 0 0 0 0 0 0 61 939 0 0 0 0 0 0 0 62 938 0 0 0 0 0 0 0
54 946 0 0 0 0 0 0 0 168 832 0 0 0 0 0 0 0 53 947 0 0 0 0 0 0 0 43 957 0 0 0 0 0 0 0 59 941 0 0 0 0 0 0 0 56 944 0 0 0 0 0 0 0 56 944 0 0 0 0 0 0 0
59 941 0 0 0 0 0 0 0 167 833 0 0 0 0 0 0 0 55 945 0 0 0 0 0 0 0 51 949 0 0 0 0 0 0 0 47 953 0 0 0 0 0 0 0 53 947 0 0 0 0 0 0 0 48 952 0 0 0 0 0 0 0
48 952 0 0 0 0 0 0 0 164 836 0 0 0 0 0 0 0 56 944 0 0 0 0 0 0 0 62 938 0 0 0 0 0 0 0 69 931 0 0 0 0 0 0 0 62 938 0 0 0 0 0 0 0 58 942 0 0 0 0 0 0 0
51 949 0 0 0 0 0 0 0 170 830 0 0 0 0 0 0 0 55 945 0 0 0 0 0 0 0 53 947 0 0 0 0 0 0 0 51 949 0 0 0 0 0 0 0 44 956 0 0 0 0 0 0 0 44 956 0 0 0 0 0 0 0
60 940 0 0 0 0 0 0 0 174 826 0 0 0 0 0 0 0 52 948 0 0 0 0 0 0 0 41 959 0 0 0 0 0 0 0 70 930 0 0 0 0 0 0 0 63 937 0 0 0 0 0 0 0 69 931 0 0 0 0 0 0 0
50 950 0 0 0 0 0 0 0 182 818 0 0 0 0 0 0 0 49 951 0 0 0 0 0 0 0 59 941 0 0 0 0 0 0 0 46 954 0 0 0 0 0 0 0 66 934 0 0 0 0 0 0 0 55 945 0 0 0 0 0 0 0
53 947 0 0 0 0 0 0 0 169 831 0 0 0 0 0 0 0 45 955 0 0 0 0 0 0 0 55 945 0 0 0 0 0 0 0 52 948 0 0 0 0 0 0 0 68 932 0 0 0 0 0 0 0 46 954 0 0 0 0 0 0 0
61 939 0 0 0 0 0 0 0 163 837 0 0 0 0 0 0 0 47 953 0 0 0 0 0 0 0 52 948 0 0 0 0 0 0 0 55 945 0 0 0 0 0 0 0 55 945 0 0 0 0 0 0 0 40 960 0 0 0 0 0 0 0
53 947 0 0 0 0 0 0 0 163 837 0 0 0 0 0 0 0 56 944 0 0 0 0 0 0 0 56 944 0 0 0 0 0 0 0 61 939 0 0 0 0 0 0 0 55 945 0 0 0 0 0 0 0 55 945 0 0 0 0 0 0 0
46 954 0 0 0 0 0 0 0 170 830 0 0 0 0 0 0 0 47 953 0 0 0 0 0 0 0 59 941 0 0 0 0 0 0 0 51 949 0 0 0 0 0 0 0 39 961 0 0 0 0 0 0 0 52 948 0 0 0 0 0 0 0
61 939 0 0 0 0 0 0 0 146 854 0 0 0 0 0 0 0 54 946 0 0 0 0 0 0 0 43 957 0 0 0 0 0 0 0 48 952 0 0 0 0 0 0 0 37 963 0 0 0 0 0 0 0 40 960 0 0 0 0 0 0 0
56 944 0 0 0 0 0 0 0 160 840 0 0 0 0 0 0 0 56 944 0 0 0 0 0 0 0 48 952 0 0 0 0 0 0 0 58 942 0 0 0 0 0 0 0 51 949 0 0 0 0 0 0 0 35 965 0 0 0 0 0 0 0
55 945 0 0 0 0 0 0 0 145 855 0 0 0 0 0 0 0 55 945 0 0 0 0 0 0 0 56 944 0 0 0 0 0 0 0 63 937 0 0 0 0 0 0 0 54 946 0 0 0 0 0 0 0 54 946 0 0 0 0 0 0 0
49 951 0 0 0 0 0 0 0 165 835 0 0 0 0 0 0 0 36 964 0 0 0 0 0 0 0 49 951 0 0 0 0 0 0 0 52 948 0 0 0 0 0 0 0 55 945 0 0 0 0 0 0 0 44 956 0 0 0 0 0 0 0
56 944 0 0 0 0 0 0 0 160 840 0 0 0 0 0 0 0 45 955 0 0 0 0 0 0 0 60 940 0 0 0 0 0 0 0 43 957 0 0 0 0 0 0 0 62 938 0 0 0 0 0 0 0 44 956 0 0 0 0 0 0 0
43 957 0 0 0 0 0 0 0 173 827 0 0 0 0 0 0 0 56 944 0 0 0 0 0 0 0 40 960 0 0 0 0 0 0 0 47 953 0 0 0 0 0 0 0 50 950 0 0 0 0 0 0 0 46 954 0 0 0 0 0 0 0
44 956 0 0 0 0 0 0 0 163 837 0 0 0 0 0 0 0 46 954 0 0 0 0 0 0 0 46 954 0 0 0 0 0 0 0 41 959 0 0 0 0 0 0 0 45 955 0 0 0 0 0 0 0 39 961 0 0 0 0 0 0 0
59 941 0 0 0 0 0 0 0 165 835 0 0 0 0 0 0 0 56 944 0 0 0 0 0 0 0 39 961 0 0 0 0 0 0 0 60 940 0 0 0 0 0 0 0 50 950 0 0 0 0 0 0 0 46 954 0 0 0 0 0 0 0
64 936 0 0 0 0 0 0 0 167 833 0 0 0 0 0 0 0 37 963 0 0 0 0 0 0 0 49 951 0 0 0 0 0 0 0 57 943 0 0 0 0 0 0 0 36 964 0 0 0 0 0 0 0 53 947 0 0 0 0 0 0 0
51 949 0 0 0 0 0 0 0 159 841 0 0 0 0 0 0 0 39 961 0 0 0 0 0 0 0 49 951 0 0 0 0 0 0 0 50 950 0 0 0 0 0 0 0 56 944 0 0 0 0 0 0 0 36 964 0 0 0 0 0 0 0
55 945 0 0 0 0 0 0 0 149 851 0 0 0 0 0 0 0 40 960 0 0 0 0 0 0 0 57 943 0 0 0 0 0 0 0 41 959 0 0 0 0 0 0 0 50 950 0 0 0 0 0 0 0 45 955 0 0 0 0 0 0 0
43 957 0 0 0 0 0 0 0 159 841 0 0 0 0 0 0 0 45 955 0 0 0 0 0 0 0 52 948 0 0 0 0 0 0 0 54 946 0 0 0 0 0 0 0 41 959 0 0 0 0 0 0 0 43 957 0 0 0 0 0 0 0
54 946 0 0 0 0 0 0 0 183 817 0 0 0 0 0 0 0 55 945 0 0 0 0 0 0 0 51 949 0 0 0 0 0 0 0 39 961 0 0 0 0 0 0 0 49 951 0 0 0 0 0 0 0 53 947 0 0 0 0 0 0 0
45 955 0 0 0 0 0 0 0 146 854 0 0 0 0 0 0 0 67 933 0 0 0 0 0 0 0 56 944 0 0 0 0 0 0 0 33 967 0 0 0 0 0 0 0 47 953 0 0 0 0 0 0 0 50 950 0 0 0 0 0 0 0
48 952 0 0 0 0 0 0 0 166 834 0 0 0 0 0 0 0 47 953 0 0 0 0 0 0 0 55 945 0 0 0 0 0 0 0 46 954 0 0 0 0 0 0 0 49 951 0 0 0 0 0 0 0 46 954 0 0 0 0 0 0 0
48 952 0 0 0 0 0 0 0 146 854 0 0 0 0 0 0 0 43 957 0 0 0 0 0 0 0 54 946 0 0 0 0 0 0 0 47 953 0 0 0 0 0 0 0 44 956 0 0 0 0 0 0 0 53 947 0 0 0 0 0 0 0
46 954 0 0 0 0 0 0 0 147 853 0 0 0 0 0 0 0 47 953 0 0 0 0 0 0 0 45 955 0 0 0 0 0 0 0 49 951 0 0 0 0 0 0 0 59 941 0 0 0 0 0 0 0 55 945 0 0 0 0 0 0 0
46 954 0 0 0 0 0 0 0 156 844 0 0 0 0 0 0 0 39 961 0 0 0 0 0 0 0 37 963 0 0 0 0 0 0 0 43 957 0 0 0 0 0 0 0 55 945 0 0 0 0 0 0 0 43 957 0 0 0 0 0 0 0
63 937 0 0 0 0 0 0 0 160 840 0 0 0 0 0 0 0 45 955 0 0 0 0 0 0 0 46 954 0 0 0 0 0 0 0 44 956 0 0 0 0 0 0 0 45 955 0 0 0 0 0 0 0 44 956 0 0 0 0 0 0 0
41 959 0 0 0 0 0 0 0 137 863 0 0 0 0 0 0 0 46 954 0 0 0 0 0 0 0 38 962 0 0 0 0 0 0 0 46 954 0 0 0 0 0 0 0 53 947 0 0 0 0 0 0 0 40 960 0 0 0 0 0 0 0
49 951 0 0 0 0 0 0 0 163 837 0 0 0 0 0 0 0 46 954 0 0 0 0 0 0 0 50 950 0 0 0 0 0 0 0 54 946 0 0 0 0 0 0 0 33 967 0 0 0 0 0 0 0 46 954 0 0 0 0 0 0 0
41 959 0 0 0 0 0 0 0 154 846 0 0 0 0 0 0 0 44 956 0 0 0 0 0 0 0 39 961 0 0 0 0 0 0 0 43 957 0 0 0 0 0 0 0 49 951 0 0 0 0 0 0 0 54 946 0 0 0 0 0 0 0
45 955 0 0 0 0 0 0 0 157 843 0 0 0 0 0 0 0 51 949 0 0 0 0 0 0 0 50 950 0 0 0 0 0 0 0 46 954 0 0 0 0 0 0 0 47 953 0 0 0 0 0 0 0 39 961 0 0 0 0 0 0 0
45 955 0 0 0 0 0 0 0 154 846 0 0 0 0 0 0 0 45 955 0 0 0 0 0 0 0 60 940 0 0 0 0 0 0 0 45 955 0 0 0 0 0 0 0 44 956 0 0 0 0 0 0 0 46 954 0 0 0 0 0 0 0
39 961 0 0 0 0 0 0 0 173 827 0 0 0 0 0 0 0 40 960 0 0 0 0 0 0 0 50 950 0 0 0 0 0 0 0 39 961 0 0 0 0 0 0 0 57 943 0 0 0 0 0 0 0 47 953 0 0 0 0 0 0 0
50 950 0 0 0 0 0 0 0 151 849 0 0 0 0 0 0 0 43 957 0 0 0 0 0 0 0 44 956 0 0 0 0 0 0 0 52 948 0 0 0 0 0 0 0 44 956 0 0 0 0 0 0 0 46 954 0 0 0 0 0 0 0
42 958 0 0 0 0 0 0 0 140 860 0 0 0 0 0 0 0 36 964 0 0 0 0 0 0 0 43 957 0 0 0 0 0 0 0 48 952 0 0 0 0 0 0 0 42 958 0 0 0 0 0 0 0 42 958 0 0 0 0 0 0 0
41 959 0 0 0 0 0 0 0 145 855 0 0 0 0 0 0 0 30 970 0 0 0 0 0 0 0 49 951 0 0 0 0 0 0 0 52 948 0 0 0 0 0 0 0 35 965 0 0 0 0 0 0 0 33 967 0 0 0 0 0 0 0
38 962 0 0 0 0 0 0 0 154 846 0 0 0 0 0 0 0 44 956 0 0 0 0 0 0 0 37 963 0 0 0 0 0 0 0 46 954 0 0 0 0 0 0 0 42 958 0 0 0 0 0 0 0 32 968 0 0 0 0 0 0 0
45 955 0 0 0 0 0 0 0 159 841 0 0 0 0 0 0 0 37 963 0 0 0 0 0 0 0 45 955 0 0 0 0 0 0 0 55 945 0 0 0 0 0 0 0 40 960 0 0 0 0 0 0 0 40 960 0 0 0 0 0 0 0
46 954 0 0 0 0 0 0 0 152 848 0 0 0 0 0 0 0 45 955 0 0 0 0 0 0 0 38 962 0 0 0 0 0 0 0 57 943 0 0 0 0 0 0 0 33 967 0 0 0 0 0 0 0 32 968 0 0 0 0 0 0 0
38 962 0 0 0 0 0 0 0 133 867 0 0 0 0 0 0 0 47 953 0 0 0 0 0 0 0 40 960 0 0 0 0 0 0 0 40 960 0 0 0 0 0 0 0 40 960 0 0 0 0 0 0 0 43 957 0 0 0 0 0 0 0
48 952 0 0 0 0 0 0 0 156 844 0 0 0 0 0 0 0 44 956 0 0 0 0 0 0 0 48 952 0 0 0 0 0 0 0 47 953 0 0 0 0 0 0 0 37 963 0 0 0 0 0 0 0 41 959 0 0 0 0 0 0 0
45 955 0 0 0 0 0 0 0 134 866 0 0 0 0 0 0 0 49 951 0 0 0 0 0 0 0 37 963 0 0 0 0 0 0 0 45 955 0 0 0 0 0 0 0 38 962 0 0 0 0 0 0 0 33 967 0 0 0 0 0 0 0
34 966 0 0 0 0 0 0 0 137 863 0 0 0 0 0 0 0 39 961 0 0 0 0 0 0 0 42 958 0 0 0 0 0 0 0 41 959 0 0 0 0 0 0 0 40 960 0 0 0 0 0 0 0 47 953 0 0 0 0 0 0 0
50 950 0 0 0 0 0 0 0 135 865 0 0 0 0 0 0 0 48 952 0 0 0 0 0 0 0 43 957 0 0 0 0 0 0 0 51 949 0 0 0 0 0 0 0 44 956 0 0 0 0 0 0 0 26 974 0 0 0 0 0 0 0
48 952 0 0 0 0 0 0 0 131 869 0 0 0 0 0 0 0 40 960 0 0 0 0 0 0 0 48 952 0 0 0 0 0 0 0 49 951 0 0 0 0 0 0 0 36 964 0 0 0 0 0 0 0 44 956 0 0 0 0 0 0 0
34 966 0 0 0 0 0 0 0 149 851 0 0 0 0 0 0 0 41 959 0 0 0 0 0 0 0 48 952 0 0 0 0 0 0 0 39 961 0 0 0 0 0 0 0 44 956 0 0 0 0 0 0 0 47 953 0 0 0 0 0 0 0
43 957 0 0 0 0 0 0 0 139 861 0 0 0 0 0 0 0 36 964 0 0 0 0 0 0 0 43 957 0 0 0 0 0 0 0 33 967 0 0 0 0 0 0 0 49 951 0 0 0 0 0 0 0 50 950 0 0 0 0 0 0 0
35 965 0 0 0 0 0 0 0 151 849 0 0 0 0 0 0 0 30 970 0 0 0 0 0 0 0 32 968 0 0 0 0 0 0 0 38 962 0 0 0 0 0 0 0 40 960 0 0 0 0 0 0 0 51 949 0 0 0 0 0 0 0
32 968 0 0 0 0 0 0 0 161 839 0 0 0 0 0 0 0 39 961 0 0 0 0 0 0 0 35 965 0 0 0 0 0 0 0 31 969 0 0 0 0 0 0 0 37 963 0 0 0 0 0 0 0 46 954 0 0 0 0 0 0 0
41 959 0 0 0 0 0 0 0 146 854 0 0 0 0 0 0 0 46 954 0 0 0 0 0 0 0 42 958 0 0 0 0 0 0 0 41 959 0 0 0 0 0 0 0 49 951 0 0 0 0 0 0 0 34 966 0 0 0 0 0 0 0
42 958 0 0 0 0 0 0 0 142 858 0 0 0 0 0 0 0 31 969 0 0 0 0 0 0 0 46 954 0 0 0 0 0 0 0 43 957 0 0 0 0 0 0 0 42 958 0 0 0 0 0 0 0 38 962 0 0 0 0 0 0 0
33 967 0 0 0 0 0 0 0 158 842 0 0 0 0 0 0 0 30 970 0 0 0 0 0 0 0 33 967 0 0 0 0 0 0 0 46 954 0 0 0 0 0 0 0 32 968 0 0 0 0 0 0 0 42 958 0 0 0 0 0 0 0
39 961 0 0 0 0 0 0 0 149 851 0 0 0 0 0 0 0 42 958 0 0 0 0 0 0 0 37 963 0 0 0 0 0 0 0 29 971 0 0 0 0 0 0 0 31 969 0 0 0 0 0 0 0 30 970 0 0 0 0 0 0 0
35 965 0 0 0 0 0 0 0 158 842 0 0 0 0 0 0 0 31 969 0 0 0 0 0 0 0 41 959 0 0 0 0 0 0 0 50 950 0 0 0 0 0 0 0 34 966 0 0 0 0 0 0 0 43 957 0 0 0 0 0 0 0
40 960 0 0 0 0 0 0 0 121 879 0 0 0 0 0 0 0 33 967 0 0 0 0 0 0 0 35 965 0 0 0 0 0 0 0 46 954 0 0 0 0 0 0 0 43 957 0 0 0 0 0 0 0 29 971 0 0 0 0 0 0 0
51 949 0 0 0 0 0 0 0 155 845 0 0 0 0 0 0 0 45 955 0 0 0 0 0 0 0 48 952 0 0 0 0 0 0 0 40 960 0 0 0 0 0 0 0 35 965 0 0 0 0 0 0 0 35 965 0 0 0 0 0 0 0
31 969 0 0 0 0 0 0 0 153 847 0 0 0 0 0 0 0 29 971 0 0 0 0 0 0 0 37 963 0 0 0 0 0 0 0 37 963 0 0 0 0 0 0 0 38 962 0 0 0 0 0 0 0 48 952 0 0 0 0 0 0 0
40 960 0 0 0 0 0 0 0 140 860 0 0 0 0 0 0 0 48 952 0 0 0 0 0 0 0 41 959 0 0 0 0 0 0 0 29 971 0 0 0 0 0 0 0 30 970 0 0 0 0 0 0 0 37 963 0 0 0 0 0 0 0
33 967 0 0 0 0 0 0 0 154 846 0 0 0 0 0 0 0 42 958 0 0 0 0 0 0 0 40 960 0 0 0 0 0 0 0 39 961 0 0 0 0 0 0 0 38 962 0 0 0 0 0 0 0 39 961 0 0 0 0 0 0 0
37 963 0 0 0 0 0 0 0 149 851 0 0 0 0 0 0 0 44 956 0 0 0 0 0 0 0 40 960 0 0 0 0 0 0 0 37 963 0 0 0 0 0 0 0 33 967 0 0 0 0 0 0 0 40 960 0 0 0 0 0 0 0
37 963 0 0 0 0 0 0 0 140 860 0 0 0 0 0 0 0 43 957 0 0 0 0 0 0 0 44 956 0 0 0 0 0 0 0 42 958 0 0 0 0 0 0 0 38 962 0 0 0 0 0 0 0 38 962 0 0 0 0 0 0 0
49 951 0 0 0 0 0 0 0 139 861 0 0 0 0 0 0 0 29 971 0 0 0 0 0 0 0 47 953 0 0 0 0 0 0 0 32 968 0 0 0 0 0 0 0 36 964 0 0 0 0 0 0 0 36 964 0 0 0 0 0 0 0
33 967 0 0 0 0 0 0 0 125 875 0 0 0 0 0 0 0 34 966 0 0 0 0 0 0 0 39 961 0 0 0 0 0 0 0 33 967 0 0 0 0 0 0 0 43 957 0 0 0 0 0 0 0 41 959 0 0 0 0 0 0 0
39 961 0 0 0 0 0 0 0 141 859 0 0 0 0 0 0 0 38 962 0 0 0 0 0 0 0 41 959 0 0 0 0 0 0 0 32 968 0 0 0 0 0 0 0 33 967 0 0 0 0 0 0 0 32 968 0 0 0 0 0 0 0
44 956 0 0 0 0 0 0 0 122 878 0 0 0 0 0 0 0 26 974 0 0 0 0 0 0 0 41 959 0 0 0 0 0 0 0 24 976 0 0 0 0 0 0 0 39 961 0 0 0 0 0 0 0 36 964 0 0 0 0 0 0 0
28 972 0 0 0 0 0 0 0 135 865 0 0 0 0 0 0 0 24 976 0 0 0 0 0 0 0 44 956 0 0 0 0 0 0 0 38 962 0 0 0 0 0 0 0 30 970 0 0 0 0 0 0 0 39 961 0 0 0 0 0 0 0
42 958 0 0 0 0 0 0 0 151 849 0 0 0 0 0 0 0 40 960 0 0 0 0 0 0 0 39 961 0 0 0 0 0 0 0 39 961 0 0 0 0 0 0 0 34 966 0 0 0 0 0 0 0 39 961 0 0 0 0 0 0 0
41 959 0 0 0 0 0 0 0 137 863 0 0 0 0 0 0 0 36 964 0 0 0 0 0 0 0 35 965 0 0 0 0 0 0 0 40 960 0 0 0 0 0 0 0 38 962 0 0 0 0 0 0 0 26 974 0 0 0 0 0 0 0
36 964 0 0 0 0 0 0 0 136 864 0 0 0 0 0 0 0 25 975 0 0 0 0 0 0 0 41 959 0 0 0 0 0 0 0 35 965 0 0 0 0 0 0 0 35 965 0 0 0 0 0 0 0 39 961 0 0 0 0 0 0 0
43 957 0 0 0 0 0 0 0 121 879 0 0 0 0 0 0 0 24 976 0 0 0 0 0 0 0 32 968 0 0 0 0 0 0 0 31 969 0 0 0 0 0 0 0 36 964 0 0 0 0 0 0 0 37 963 0 0 0 0 0 0 0
28 972 0 0 0 0 0 0 0 139 861 0 0 0 0 0 0 0 33 967 0 0 0 0 0 0 0 40 960 0 0 0 0 0 0 0 39 961 0 0 0 0 0 0 0 32 968 0 0 0 0 0 0 0 32 968 0 0 0 0 0 0 0
21 979 0 0 0 0 0 0 0 141 859 0 0 0 0 0 0 0 36 964 0 0 0 0 0 0 0 32 968 0 0 0 0 0 0 0 29 971 0 0 0 0 0 0 0 39 961 0 0 0 0 0 0 0 29 971 0 0 0 0 0 0 0
39 961 0 0 0 0 0 0 0 126 874 0 0 0 0 0 0 0 33 967 0 0 0 0 0 0 0 42 958 0 0 0 0 0 0 0 39 961 0 0 0 0 0 0 0 44 956 0 0 0 0 0 0 0 30 970 0 0 0 0 0 0 0
33 967 0 0 0 0 0 0 0 118 882 0 0 0 0 0 0 0 49 951 0 0 0 0 0 0 0 33 967 0 0 0 0 0 0 0 26 974 0 0 0 0 0 0 0 39 961 0 0 0 0 0 0 0 41 959 0 0 0 0 0 0 0
34 966 0 0 0 0 0 0 0 147 853 0 0 0 0 0 0 0 33 967 0 0 0 0 0 0 0 26 974 0 0 0 0 0 0 0 41 959 0 0 0 0 0 0 0 28 972 0 0 0 0 0 0 0 29 971 0 0 0 0 0 0 0
28 972 0 0 0 0 0 0 0 130 870 0 0 0 0 0 0 0 30 970 0 0 0 0 0 0 0 40 960 0 0 0 0 0 0 0 28 972 0 0 0 0 0 0 0 35 965 0 0 0 0 0 0 0 33 967 0 0 0 0 0 0 0
22 978 0 0 0 0 0 0 0 133 867 0 0 0 0 0 0 0 30 970 0 0 0 0 0 0 0 34 966 0 0 0 0 0 0 0 35 965 0 0 0 0 0 0 0 23 977 0 0 0 0 0 0 0 38 962 0 0 0 0 0 0 0
40 960 0 0 0 0 0 0 0 113 887 0 0 0 0 0 0 0 36 964 0 0 0 0 0 0 0 34 966 0 0 0 0 0 0 0 39 961 0 0 0 0 0 0 0 25 975 0 0 0 0 0 0 0 28 972 0 0 0 0 0 0 0
37 963 0 0 0 0 0 0 0 131 869 0 0 0 0 0 0 0 50 950 0 0 0 0 0 0 0 29 971 0 0 0 0 0 0 0 25 975 0 0 0 0 0 0 0 35 965 0 0 0 0 0 0 0 30 970 0 0 0 0 0 0 0
32 968 0 0 0 0 0 0 0 128 872 0 0 0 0 0 0 0 40 960 0 0 0 0 0 0 0 31 969 0 0 0 0 0 0 0 39 961 0 0 0 0 0 0 0 28 972 0 0 0 0 0 0 0 29 971 0 0 0 0 0 0 0
43 957 0 0 0 0 0 0 0 142 858 0 0 0 0 0 0 0 35 965 0 0 0 0 0 0 0 45 955 0 0 0 0 0 0 0 29 971 0 0 0 0 0 0 0 31 969 0 0 0 0 0 0 0 32 968 0 0 0 0 0 0 0
26 974 0 0 0 0 0 0 0 152 848 0 0 0 0 0 0 0 28 972 0 0 0 0 0 0 0 31 969 0 0 0 0 0 0 0 37 963 0 0 0 0 0 0 0 48 952 0 0 0 0 0 0 0 25 975 0 0 0 0 0 0 0
31 969 0 0 0 0 0 0 0 143 857 0 0 0 0 0 0 0 35 965 0 0 0 0 0 0 0 31 969 0 0 0 0 0 0 0 34 966 0 0 0 0 0 0 0 25 975 0 0 0 0 0 0 0 33 967 0 0 0 0 0 0 0
37 963 0 0 0 0 0 0 0 142 858 0 0 0 0 0 0 0 28 972 0 0 0 0 0 0 0 33 967 0 0 0 0 0 0 0 36 964 0 0 0 0 0 0 0 27 973 0 0 0 0 0 0 0 25 975 0 0 0 0 0 0 0
34 966 0 0 0 0 0 0 0 114 886 0 0 0 0 0 0 0 27 973 0 0 0 0 0 0 0 26 974 0 0 0 0 0 0 0 36 964 0 0 0 0 0 0 0 34 966 0 0 0 0 0 0 0 29 971 0 0 0 0 0 0 0
22 978 0 0 0 0 0 0 0 129 871 0 0 0 0 0 0 0 32 968 0 0 0 0 0 0 0 32 968 0 0 0 0 0 0 0 40 960 0 0 0 0 0 0 0 28 972 0 0 0 0 0 0 0 35 965 0 0 0 0 0 0 0
19 981 0 0 0 0 0 0 0 148 852 0 0 0 0 0 0 0 27 973 0 0 0 0 0 0 0 38 962 0 0 0 0 0 0 0 32 968 0 0 0 0 0 0 0 22 978 0 0 0 0 0 0 0 31 969 0 0 0 0 0 0 0
31 969 0 0 0 0 0 0 0 116 884 0 0 0 0 0 0 0 33 967 0 0 0 0 0 0 0 36 964 0 0 0 0 0 0 0 32 968 0 0 0 0 0 0 0 35 965 0 0 0 0 0 0 0 25 975 0 0 0 0 0 0 0
32 968 0 0 0 0 0 0 0 144 856 0 0 0 0 0 0 0 29 971 0 0 0 0 0 0 0 27 973 0 0 0 0 0 0 0 34 966 0 0 0 0 0 0 0 34 966 0 0 0 0 0 0 0 31 969 0 0 0 0 0 0 0
42 958 0 0 0 0 0 0 0 125 875 0 0 0 0 0 0 0 21 979 0 0 0 0 0 0 0 36 964 0 0 0 0 0 0 0 27 973 0 0 0 0 0 0 0 31 969 0 0 0 0 0 0 0 23 977 0 0 0 0 0 0 0
28 972 0 0 0 0 0 0 0 134 866 0 0 0 0 0 0 0 29 971 0 0 0 0 0 0 0 29 971 0 0 0 0 0 0 0 29 971 0 0 0 0 0 0 0 37 963 0 0 0 0 0 0 0 25 975 0 0 0 0 0 0 0
35 965 0 0 0 0 0 0 0 136 864 0 0 0 0 0 0 0 39 961 0 0 0 0 0 0 0 30 970 0 0 0 0 0 0 0 31 969 0 0 0 0 0 0 0 23 977 0 0 0 0 0 0 0 27 973 0 0 0 0 0 0 0
40 960 0 0 0 0 0 0 0 136 864 0 0 0 0 0 0 0 35 965 0 0 0 0 0 0 0 35 965 0 0 0 0 0 0 0 21 979 0 0 0 0 0 0 0 24 976 0 0 0 0 0 0 0 27 973 0 0 0 0 0 0 0
26 974 0 0 0 0 0 0 0 115 885 0 0 0 0 0 0 0 32 968 0 0 0 0 0 0 0 36 964 0 0 0 0 0 0 0 30 970 0 0 0 0 0 0 0 39 961 0 0 0 0 0 0 0 38 962 0 0 0 0 0 0 0
32 968 0 0 0 0 0 0 0 146 854 0 0 0 0 0 0 0 34 966 0 0 0 0 0 0 0 30 970 0 0 0 0 0 0 0 28 972 0 0 0 0 0 0 0 32 968 0 0 0 0 0 0 0 36 964 0 0 0 0 0 0 0
26 974 0 0 0 0 0 0 0 132 868 0 0 0 0 0 0 0 33 967 0 0 0 0 0 0 0 21 979 0 0 0 0 0 0 0 31 969 0 0 0 0 0 0 0 34 966 0 0 0 0 0 0 0 34 966 0 0 0 0 0 0 0
27 973 0 0 0 0 0 0 0 117 883 0 0 0 0 0 0 0 30 970 0 0 0 0 0 0 0 27 973 0 0 0 0 0 0 0 24 976 0 0 0 0 0 0 0 27 973 0 0 0 0 0 0 0 32 968 0 0 0 0 0 0 0
21 979 0 0 0 0 0 0 0 122 878 0 0 0 0 0 0 0 34 966 0 0 0 0 0 0 0 30 970 0 0 0 0 0 0 0 24 976 0 0 0 0 0 0 0 20 980 0 0 0 0 0 0 0 35 965 0 0 0 0 0 0 0
40 960 0 0 0 0 0 0 0 134 866 0 0 0 0 0 0 0 19 981 0 0 0 0 0 0 0 22 978 0 0 0 0 0 0 0 24 976 0 0 0 0 0 0 0 27 973 0 0 0 0 0 0 0 20 980 0 0 0 0 0 0 0
39 961 0 0 0 0 0 0 0 118 882 0 0 0 0 0 0 0 35 965 0 0 0 0 0 0 0 34 966 0 0 0 0 0 0 0 21 979 0 0 0 0 0 0 0 28 972 0 0 0 0 0 0 0 32 968 0 0 0 0 0 0 0
23 977 0 0 0 0 0 0 0 120 880 0 0 0 0 0 0 0 42 958 0 0 0 0 0 0 0 38 962 0 0 0 0 0 0 0 23 977 0 0 0 0 0 0 0 30 970 0 0 0 0 0 0 0 34 966 0 0 0 0 0 0 0
30 970 0 0 0 0 0 0 0 109 891 0 0 0 0 0 0 0 26 974 0 0 0 0 0 0 0 29 971 0 0 0 0 0 0 0 25 975 0 0 0 0 0 0 0 31 969 0 0 0 0 0 0 0 35 965 0 0 0 0 0 0 0
26 974 0 0 0 0 0 0 0 125 875 0 0 0 0 0 0 0 41 959 0 0 0 0 0 0 0 28 972 0 0 0 0 0 0 0 33 967 0 0 0 0 0 0 0 33 967 0 0 0 0 0 0 0 26 974 0 0 0 0 0 0 0
32 968 0 0 0 0 0 0 0 125 875 0 0 0 0 0 0 0 33 967 0 0 0 0 0 0 0 29 971 0 0 0 0 0 0 0 30 970 0 0 0 0 0 0 0 33 967 0 0 0 0 0 0 0 25 975 0 0 0 0 0 0 0
24 976 0 0 0 0 0 0 0 136 864 0 0 0 0 0 0 0 42 958 0 0 0 0 0 0 0 32 968 0 0 0 0 0 0 0 39 961 0 0 0 0 0 0 0 32 968 0 0 0 0 0 0 0 28 972 0 0 0 0 0 0 0
29 971 0 0 0 0 0 0 0 108 892 0 0 0 0 0 0 0 27 973 0 0 0 0 0 0 0 20 980 0 0 0 0 0 0 0 31 969 0 0 0 0 0 0 0 34 966 0 0 0 0 0 0 0 28 972 0 0 0 0 0 0 0
23 977 0 0 0 0 0 0 0 114 886 0 0 0 0 0 0 0 30 970 0 0 0 0 0 0 0 37 963 0 0 0 0 0 0 0 31 969 0 0 0 0 0 0 0 17 983 0 0 0 0 0 0 0 19 981 0 0 0 0 0 0 0
25 975 0 0 0 0 0 0 0 130 870 0 0 0 0 0 0 0 34 966 0 0 0 0 0 0 0 27 973 0 0 0 0 0 0 0 28 972 0 0 0 0 0 0 0 34 966 0 0 0 0 0 0 0 25 975 0 0 0 0 0 0 0
31 969 0 0 0 0 0 0 0 126 874 0 0 0 0 0 0 0 30 970 0 0 0 0 0 0 0 40 960 0 0 0 0 0 0 0 18 982 0 0 0 0 0 0 0 30 970 0 0 0 0 0 0 0 26 974 0 0 0 0 0 0 0
25 975 0 0 0 0 0 0 0 124 876 0 0 0 0 0 0 0 35 965 0 0 0 0 0 0 0 24 976 0 0 0 0 0 0 0 35 965 0 0 0 0 0 0 0 30 970 0 0 0 0 0 0 0 36 964 0 0 0 0 0 0 0
27 973 0 0 0 0 0 0 0 122 878 0 0 0 0 0 0 0 29 971 0 0 0 0 0 0 0 24 976 0 0 0 0 0 0 0 20 980 0 0 0 0 0 0 0 29 971 0 0 0 0 0 0 0 33 967 0 0 0 0 0 0 0
27 973 0 0 0 0 0 0 0 100 900 0 0 0 0 0 0 0 30 970 0 0 0 0 0 0 0 30 970 0 0 0 0 0 0 0 27 973 0 0 0 0 0 0 0 36 964 0 0 0 0 0 0 0 28 972 0 0 0 0 0 0 0
31 969 0 0 0 0 0 0 0 120 880 0 0 0 0 0 0 0 32 968 0 0 0 0 0 0 0 18 982 0 0 0 0 0 0 0 22 978 0 0 0 0 0 0 0 20 980 0 0 0 0 0 0 0 25 975 0 0 0 0 0 0 0
24 976 0 0 0 0 0 0 0 122 878 0 0 0 0 0 0 0 26 974 0 0 0 0 0 0 0 22 978 0 0 0 0 0 0 0 21 979 0 0 0 0 0 0 0 30 970 0 0 0 0 0 0 0 20 980 0 0 0 0 0 0 0
30 970 0 0 0 0 0 0 0 122 878 0 0 0 0 0 0 0 31 969 0 0 0 0 0 0 0 31 969 0 0 0 0 0 0 0 36 964 0 0 0 0 0 0 0 23 977 0 0 0 0 0 0 0 28 972 0 0 0 0 0 0 0
22 978 0 0 0 0 0 0 0 105 895 0 0 0 0 0 0 0 25 975 0 0 0 0 0 0 0 26 974 0 0 0 0 0 0 0 34 966 0 0 0 0 0 0 0 26 974 0 0 0 0 0 0 0 31 969 0 0 0 0 0 0 0
25 975 0 0 0 0 0 0 0 101 899 0 0 0 0 0 0 0 21 979 0 0 0 0 0 0 0 30 970 0 0 0 0 0 0 0 25 975 0 0 0 0 0 0 0 29 971 0 0 0 0 0 0 0 27 973 0 0 0 0 0 0 0
12 988 0 0 0 0 0 0 0 105 895 0 0 0 0 0 0 0 27 973 0 0 0 0 0 0 0 25 975 0 0 0 0 0 0 0 31 969 0 0 0 0 0 0 0 22 978 0 0 0 0 0 0 0 20 980 0 0 0 0 0 0 0
25 975 0 0 0 0 0 0 0 113 887 0 0 0 0 0 0 0 28 972 0 0 0 0 0 0 0 26 974 0 0 0 0 0 0 0 29 971 0 0 0 0 0 0 0 27 973 0 0 0 0 0 0 0 26 974 0 0 0 0 0 0 0
33 967 0 0 0 0 0 0 0 106 894 0 0 0 0 0 0 0 13 987 0 0 0 0 0 0 0 13 987 0 0 0 0 0 0 0 23 977 0 0 0 0 0 0 0 24 976 0 0 0 0 0 0 0 25 975 0 0 0 0 0 0 0
27 973 0 0 0 0 0 0 0 111 889 0 0 0 0 0 0 0 29 971 0 0 0 0 0 0 0 32 968 0 0 0 0 0 0 0 26 974 0 0 0 0 0 0 0 23 977 0 0 0 0 0 0 0 29 971 0 0 0 0 0 0 0
21 979 0 0 0 0 0 0 0 115 885 0 0 0 0 0 0 0 33 967 0 0 0 0 0 0 0 21 979 0 0 0 0 0 0 0 23 977 0 0 0 0 0 0 0 36 964 0 0 0 0 0 0 0 27 973 0 0 0 0 0 0 0
22 978 0 0 0 0 0 0 0 108 892 0 0 0 0 0 0 0 24 976 0 0 0 0 0 0 0 27 973 0 0 0 0 0 0 0 20 980 0 0 0 0 0 0 0 30 970 0 0 0 0 0 0 0 28 972 0 0 0 0 0 0 0
20 980 0 0 0 0 0 0 0 126 874 0 0 0 0 0 0 0 26 974 0 0 0 0 0 0 0 29 971 0 0 0 0 0 0 0 25 975 0 0 0 0 0 0 0 55 945 0 0 0 0 0 0 0 19 981 0 0 0 0 0 0 0
22 978 0 0 0 0 0 0 0 116 884 0 0 0 0 0 0 0 23 977 0 0 0 0 0 0 0 18 982 0 0 0 0 0 0 0 29 971 0 0 0 0 0 0 0 23 977 0 0 0 0 0 0 0 26 974 0 0 0 0 0 0 0
28 972 0 0 0 0 0 0 0 109 891 0 0 0 0 0 0 0 28 972 0 0 0 0 0 0 0 22 978 0 0 0 0 0 0 0 16 984 0 0 0 0 0 0 0 22 978 0 0 0 0 0 0 0 20 980 0 0 0 0 0 0 0
27 973 0 0 0 0 0 0 0 103 897 0 0 0 0 0 0 0 19 981 0 0 0 0 0 0 0 24 976 0 0 0 0 0 0 0 19 981 0 0 0 0 0 0 0 21 979 0 0 0 0 0 0 0 21 979 0 0 0 0 0 0 0
27 973 0 0 0 0 0 0 0 94 906 0 0 0 0 0 0 0 28 972 0 0 0 0 0 0 0 26 974 0 0 0 0 0 0 0 23 977 0 0 0 0 0 0 0 23 977 0 0 0 0 0 0 0 27 973 0 0 0 0 0 0 0
26 974 0 0 0 0 0 0 0 97 903 0 0 0 0 0 0 0 30 970 0 0 0 0 0 0 0 24 976 0 0 0 0 0 0 0 16 984 0 0 0 0 0 0 0 29 971 0 0 0 0 0 0 0 19 981 0 0 0 0 0 0 0
