963 37 0 0 0 0 0 0 0 965 35 0 0 0 0 0 0 0 959 41 0 0 0 0 0 0 0 958 41 1 0 0 0 0 0 0 960 40 0 0 0 0 0 0 0 954 44 2 0 0 0 0 0 0 963 37 0 0 0 0 0 0 0
933 65 2 0 0 0 0 0 0 941 59 0 0 0 0 0 0 0 913 87 0 0 0 0 0 0 0 935 62 3 0 0 0 0 0 0 933 65 2 0 0 0 0 0 0 927 73 0 0 0 0 0 0 0 921 79 0 0 0 0 0 0 0
876 118 6 0 0 0 0 0 0 932 64 4 0 0 0 0 0 0 886 110 4 0 0 0 0 0 0 889 108 3 0 0 0 0 0 0 882 116 2 0 0 0 0 0 0 896 103 1 0 0 0 0 0 0 888 111 1 0 0 0 0 0 0
857 133 10 0 0 0 0 0 0 907 88 5 0 0 0 0 0 0 862 137 1 0 0 0 0 0 0 822 168 10 0 0 0 0 0 0 856 139 5 0 0 0 0 0 0 841 154 5 0 0 0 0 0 0 827 164 9 0 0 0 0 0 0
840 151 9 0 0 0 0 0 0 904 91 5 0 0 0 0 0 0 835 154 11 0 0 0 0 0 0 833 161 6 0 0 0 0 0 0 825 164 11 0 0 0 0 0 0 832 156 12 0 0 0 0 0 0 844 151 5 0 0 0 0 0 0
815 179 6 0 0 0 0 0 0 884 109 7 0 0 0 0 0 0 824 164 12 0 0 0 0 0 0 817 174 9 0 0 0 0 0 0 821 168 11 0 0 0 0 0 0 793 193 14 0 0 0 0 0 0 799 193 8 0 0 0 0 0 0
791 198 11 0 0 0 0 0 0 878 121 1 0 0 0 0 0 0 797 191 12 0 0 0 0 0 0 778 209 13 0 0 0 0 0 0 790 192 18 0 0 0 0 0 0 773 216 11 0 0 0 0 0 0 768 210 22 0 0 0 0 0 0
760 218 22 0 0 0 0 0 0 854 141 5 0 0 0 0 0 0 755 228 17 0 0 0 0 0 0 760 229 11 0 0 0 0 0 0 776 209 15 0 0 0 0 0 0 757 229 14 0 0 0 0 0 0 762 220 18 0 0 0 0 0 0
765 213 22 0 0 0 0 0 0 847 146 7 0 0 0 0 0 0 759 225 16 0 0 0 0 0 0 720 263 17 0 0 0 0 0 0 723 260 17 0 0 0 0 0 0 736 246 18 0 0 0 0 0 0 716 264 20 0 0 0 0 0 0
722 250 28 0 0 0 0 0 0 821 170 9 0 0 0 0 0 0 691 288 21 0 0 0 0 0 0 736 241 23 0 0 0 0 0 0 698 272 30 0 0 0 0 0 0 739 249 12 0 0 0 0 0 0 730 249 21 0 0 0 0 0 0
688 289 23 0 0 0 0 0 0 791 198 11 0 0 0 0 0 0 687 291 22 0 0 0 0 0 0 718 264 18 0 0 0 0 0 0 716 261 23 0 0 0 0 0 0 699 273 28 0 0 0 0 0 0 678 298 24 0 0 0 0 0 0
707 258 35 0 0 0 0 0 0 777 211 12 0 0 0 0 0 0 673 308 19 0 0 0 0 0 0 689 286 25 0 0 0 0 0 0 716 259 25 0 0 0 0 0 0 724 261 15 0 0 0 0 0 0 679 289 32 0 0 0 0 0 0
659 304 37 0 0 0 0 0 0 783 195 22 0 0 0 0 0 0 684 292 24 0 0 0 0 0 0 639 323 38 0 0 0 0 0 0 696 277 27 0 0 0 0 0 0 659 303 38 0 0 0 0 0 0 660 313 27 0 0 0 0 0 0
662 292 46 0 0 0 0 0 0 778 207 15 0 0 0 0 0 0 658 311 31 0 0 0 0 0 0 653 310 37 0 0 0 0 0 0 656 314 30 0 0 0 0 0 0 672 294 34 0 0 0 0 0 0 640 319 41 0 0 0 0 0 0
651 314 35 0 0 0 0 0 0 755 226 19 0 0 0 0 0 0 608 351 41 0 0 0 0 0 0 656 314 30 0 0 0 0 0 0 651 308 41 0 0 0 0 0 0 646 310 44 0 0 0 0 0 0 612 349 39 0 0 0 0 0 0
607 343 50 0 0 0 0 0 0 754 231 15 0 0 0 0 0 0 634 331 35 0 0 0 0 0 0 606 351 43 0 0 0 0 0 0 606 348 46 0 0 0 0 0 0 642 308 50 0 0 0 0 0 0 631 332 37 0 0 0 0 0 0
594 356 50 0 0 0 0 0 0 713 260 27 0 0 0 0 0 0 617 343 40 0 0 0 0 0 0 594 343 63 0 0 0 0 0 0 583 357 60 0 0 0 0 0 0 615 337 48 0 0 0 0 0 0 569 380 51 0 0 0 0 0 0
567 372 61 0 0 0 0 0 0 709 263 28 0 0 0 0 0 0 590 362 48 0 0 0 0 0 0 588 351 61 0 0 0 0 0 0 608 338 54 0 0 0 0 0 0 569 372 59 0 0 0 0 0 0 542 398 60 0 0 0 0 0 0
588 360 52 0 0 0 0 0 0 702 273 25 0 0 0 0 0 0 586 352 62 0 0 0 0 0 0 576 367 57 0 0 0 0 0 0 593 362 45 0 0 0 0 0 0 567 363 70 0 0 0 0 0 0 555 393 52 0 0 0 0 0 0
574 369 57 0 0 0 0 0 0 691 282 27 0 0 0 0 0 0 575 364 61 0 0 0 0 0 0 542 378 80 0 0 0 0 0 0 551 383 66 0 0 0 0 0 0 558 375 67 0 0 0 0 0 0 553 388 59 0 0 0 0 0 0
552 380 68 0 0 0 0 0 0 682 293 25 0 0 0 0 0 0 524 415 61 0 0 0 0 0 0 543 378 79 0 0 0 0 0 0 563 379 58 0 0 0 0 0 0 552 381 67 0 0 0 0 0 0 564 365 71 0 0 0 0 0 0
520 411 69 0 0 0 0 0 0 686 287 27 0 0 0 0 0 0 520 402 78 0 0 0 0 0 0 551 382 67 0 0 0 0 0 0 554 382 64 0 0 0 0 0 0 526 396 78 0 0 0 0 0 0 517 418 65 0 0 0 0 0 0
507 421 72 0 0 0 0 0 0 683 291 26 0 0 0 0 0 0 522 392 86 0 0 0 0 0 0 514 409 77 0 0 0 0 0 0 496 419 85 0 0 0 0 0 0 495 413 92 0 0 0 0 0 0 516 405 79 0 0 0 0 0 0
499 408 93 0 0 0 0 0 0 630 326 44 0 0 0 0 0 0 519 398 83 0 0 0 0 0 0 500 414 86 0 0 0 0 0 0 510 414 76 0 0 0 0 0 0 484 413 103 0 0 0 0 0 0 508 405 87 0 0 0 0 0 0
460 455 85 0 0 0 0 0 0 642 324 34 0 0 0 0 0 0 505 403 92 0 0 0 0 0 0 499 430 71 0 0 0 0 0 0 511 399 90 0 0 0 0 0 0 476 434 90 0 0 0 0 0 0 488 422 90 0 0 0 0 0 0
470 441 89 0 0 0 0 0 0 661 305 34 0 0 0 0 0 0 487 429 84 0 0 0 0 0 0 470 442 88 0 0 0 0 0 0 504 415 81 0 0 0 0 0 0 487 425 88 0 0 0 0 0 0 495 432 73 0 0 0 0 0 0
475 428 97 0 0 0 0 0 0 600 358 42 0 0 0 0 0 0 458 439 103 0 0 0 0 0 0 491 432 77 0 0 0 0 0 0 470 434 96 0 0 0 0 0 0 471 433 96 0 0 0 0 0 0 473 431 96 0 0 0 0 0 0
457 439 104 0 0 0 0 0 0 637 325 38 0 0 0 0 0 0 452 457 91 0 0 0 0 0 0 485 400 115 0 0 0 0 0 0 436 454 110 0 0 0 0 0 0 461 440 99 0 0 0 0 0 0 440 461 99 0 0 0 0 0 0
457 441 102 0 0 0 0 0 0 598 359 43 0 0 0 0 0 0 466 431 103 0 0 0 0 0 0 461 440 99 0 0 0 0 0 0 457 432 111 0 0 0 0 0 0 444 450 106 0 0 0 0 0 0 477 412 111 0 0 0 0 0 0
429 460 111 0 0 0 0 0 0 604 351 45 0 0 0 0 0 0 458 443 99 0 0 0 0 0 0 427 460 113 0 0 0 0 0 0 437 465 98 0 0 0 0 0 0 463 432 105 0 0 0 0 0 0 475 415 110 0 0 0 0 0 0
446 431 123 0 0 0 0 0 0 598 352 50 0 0 0 0 0 0 417 472 111 0 0 0 0 0 0 429 467 104 0 0 0 0 0 0 454 430 116 0 0 0 0 0 0 415 473 112 0 0 0 0 0 0 406 459 135 0 0 0 0 0 0
425 443 132 0 0 0 0 0 0 603 341 56 0 0 0 0 0 0 402 459 139 0 0 0 0 0 0 432 456 112 0 0 0 0 0 0 423 467 110 0 0 0 0 0 0 414 465 121 0 0 0 0 0 0 416 472 112 0 0 0 0 0 0
441 436 123 0 0 0 0 0 0 617 320 63 0 0 0 0 0 0 420 443 137 0 0 0 0 0 0 437 426 137 0 0 0 0 0 0 412 458 130 0 0 0 0 0 0 409 458 133 0 0 0 0 0 0 386 486 128 0 0 0 0 0 0
427 444 129 0 0 0 0 0 0 562 381 57 0 0 0 0 0 0 409 455 136 0 0 0 0 0 0 429 413 158 0 0 0 0 0 0 429 437 134 0 0 0 0 0 0 384 497 119 0 0 0 0 0 0 400 459 141 0 0 0 0 0 0
392 469 139 0 0 0 0 0 0 552 391 57 0 0 0 0 0 0 411 455 134 0 0 0 0 0 0 409 455 136 0 0 0 0 0 0 372 479 149 0 0 0 0 0 0 403 454 143 0 0 0 0 0 0 384 476 140 0 0 0 0 0 0
408 451 141 0 0 0 0 0 0 574 365 61 0 0 0 0 0 0 411 457 132 0 0 0 0 0 0 405 419 176 0 0 0 0 0 0 388 469 143 0 0 0 0 0 0 403 470 127 0 0 0 0 0 0 381 486 133 0 0 0 0 0 0
348 491 161 0 0 0 0 0 0 555 374 71 0 0 0 0 0 0 403 461 136 0 0 0 0 0 0 395 445 160 0 0 0 0 0 0 383 465 152 0 0 0 0 0 0 362 484 154 0 0 0 0 0 0 413 435 152 0 0 0 0 0 0
391 466 143 0 0 0 0 0 0 544 399 57 0 0 0 0 0 0 387 465 148 0 0 0 0 0 0 380 459 161 0 0 0 0 0 0 348 486 166 0 0 0 0 0 0 382 463 155 0 0 0 0 0 0 375 481 144 0 0 0 0 0 0
346 486 168 0 0 0 0 0 0 540 392 68 0 0 0 0 0 0 348 484 168 0 0 0 0 0 0 372 455 173 0 0 0 0 0 0 342 491 167 0 0 0 0 0 0 363 490 147 0 0 0 0 0 0 366 485 149 0 0 0 0 0 0
366 467 167 0 0 0 0 0 0 510 403 87 0 0 0 0 0 0 376 463 161 0 0 0 0 0 0 359 464 177 0 0 0 0 0 0 337 494 169 0 0 0 0 0 0 362 482 156 0 0 0 0 0 0 364 475 161 0 0 0 0 0 0
351 490 159 0 0 0 0 0 0 515 416 69 0 0 0 0 0 0 358 502 140 0 0 0 0 0 0 336 475 189 0 0 0 0 0 0 360 486 154 0 0 0 0 0 0 339 494 167 0 0 0 0 0 0 356 487 157 0 0 0 0 0 0
357 478 165 0 0 0 0 0 0 519 398 83 0 0 0 0 0 0 349 480 171 0 0 0 0 0 0 321 503 176 0 0 0 0 0 0 332 485 183 0 0 0 0 0 0 316 515 169 0 0 0 0 0 0 356 478 166 0 0 0 0 0 0
341 475 184 0 0 0 0 0 0 488 436 76 0 0 0 0 0 0 332 498 170 0 0 0 0 0 0 319 496 185 0 0 0 0 0 0 343 450 207 0 0 0 0 0 0 334 484 182 0 0 0 0 0 0 317 498 185 0 0 0 0 0 0
330 505 165 0 0 0 0 0 0 501 419 80 0 0 0 0 0 0 348 462 190 0 0 0 0 0 0 340 497 163 0 0 0 0 0 0 302 521 177 0 0 0 0 0 0 317 508 175 0 0 0 0 0 0 316 504 180 0 0 0 0 0 0
346 488 166 0 0 0 0 0 0 517 389 94 0 0 0 0 0 0 343 492 165 0 0 0 0 0 0 326 489 185 0 0 0 0 0 0 338 473 189 0 0 0 0 0 0 333 487 180 0 0 0 0 0 0 324 449 227 0 0 0 0 0 0
311 478 211 0 0 0 0 0 0 497 423 80 0 0 0 0 0 0 331 474 195 0 0 0 0 0 0 334 488 178 0 0 0 0 0 0 306 498 196 0 0 0 0 0 0 307 523 170 0 0 0 0 0 0 309 503 188 0 0 0 0 0 0
322 489 189 0 0 0 0 0 0 488 431 81 0 0 0 0 0 0 335 501 164 0 0 0 0 0 0 360 451 189 0 0 0 0 0 0 305 502 193 0 0 0 0 0 0 326 480 194 0 0 0 0 0 0 306 509 185 0 0 0 0 0 0
304 465 231 0 0 0 0 0 0 444 474 82 0 0 0 0 0 0 317 490 193 0 0 0 0 0 0 316 492 192 0 0 0 0 0 0 300 502 198 0 0 0 0 0 0 299 522 179 0 0 0 0 0 0 288 514 198 0 0 0 0 0 0
304 511 185 0 0 0 0 0 0 490 420 90 0 0 0 0 0 0 316 471 213 0 0 0 0 0 0 293 510 197 0 0 0 0 0 0 322 453 225 0 0 0 0 0 0 312 490 198 0 0 0 0 0 0 293 490 217 0 0 0 0 0 0
296 477 227 0 0 0 0 0 0 459 442 99 0 0 0 0 0 0 305 489 206 0 0 0 0 0 0 283 514 203 0 0 0 0 0 0 326 491 183 0 0 0 0 0 0 308 500 192 0 0 0 0 0 0 302 492 206 0 0 0 0 0 0
292 473 235 0 0 0 0 0 0 483 424 93 0 0 0 0 0 0 295 505 200 0 0 0 0 0 0 306 487 207 0 0 0 0 0 0 283 513 204 0 0 0 0 0 0 298 494 208 0 0 0 0 0 0 264 515 221 0 0 0 0 0 0
272 515 213 0 0 0 0 0 0 431 471 98 0 0 0 0 0 0 280 502 218 0 0 0 0 0 0 274 496 230 0 0 0 0 0 0 303 504 193 0 0 0 0 0 0 279 499 222 0 0 0 0 0 0 288 500 212 0 0 0 0 0 0
292 499 209 0 0 0 0 0 0 451 447 102 0 0 0 0 0 0 284 484 232 0 0 0 0 0 0 257 521 222 0 0 0 0 0 0 296 481 223 0 0 0 0 0 0 278 509 213 0 0 0 0 0 0 274 511 215 0 0 0 0 0 0
283 494 223 0 0 0 0 0 0 456 438 106 0 0 0 0 0 0 286 504 210 0 0 0 0 0 0 261 489 250 0 0 0 0 0 0 245 515 240 0 0 0 0 0 0 265 498 237 0 0 0 0 0 0 276 486 238 0 0 0 0 0 0
275 499 226 0 0 0 0 0 0 441 440 119 0 0 0 0 0 0 258 510 232 0 0 0 0 0 0 257 530 213 0 0 0 0 0 0 279 481 240 0 0 0 0 0 0 269 488 243 0 0 0 0 0 0 279 478 243 0 0 0 0 0 0
254 506 240 0 0 0 0 0 0 452 438 110 0 0 0 0 0 0 268 505 227 0 0 0 0 0 0 237 521 242 0 0 0 0 0 0 251 495 254 0 0 0 0 0 0 252 507 241 0 0 0 0 0 0 257 524 219 0 0 0 0 0 0
229 523 248 0 0 0 0 0 0 454 456 90 0 0 0 0 0 0 260 511 229 0 0 0 0 0 0 282 457 261 0 0 0 0 0 0 259 497 244 0 0 0 0 0 0 262 519 219 0 0 0 0 0 0 261 503 236 0 0 0 0 0 0
268 504 228 0 0 0 0 0 0 417 459 124 0 0 0 0 0 0 274 463 263 0 0 0 0 0 0 249 500 251 0 0 0 0 0 0 262 486 252 0 0 0 0 0 0 233 527 240 0 0 0 0 0 0 220 531 249 0 0 0 0 0 0
247 506 247 0 0 0 0 0 0 437 442 121 0 0 0 0 0 0 265 473 262 0 0 0 0 0 0 270 493 237 0 0 0 0 0 0 261 471 268 0 0 0 0 0 0 255 496 249 0 0 0 0 0 0 250 486 264 0 0 0 0 0 0
245 497 258 0 0 0 0 0 0 397 455 148 0 0 0 0 0 0 251 493 256 0 0 0 0 0 0 249 472 279 0 0 0 0 0 0 227 535 238 0 0 0 0 0 0 203 542 255 0 0 0 0 0 0 216 522 262 0 0 0 0 0 0
236 513 251 0 0 0 0 0 0 410 457 133 0 0 0 0 0 0 242 507 251 0 0 0 0 0 0 216 516 268 0 0 0 0 0 0 227 484 289 0 0 0 0 0 0 235 511 254 0 0 0 0 0 0 237 509 254 0 0 0 0 0 0
241 490 269 0 0 0 0 0 0 406 468 126 0 0 0 0 0 0 216 509 275 0 0 0 0 0 0 242 487 271 0 0 0 0 0 0 252 481 267 0 0 0 0 0 0 226 523 251 0 0 0 0 0 0 247 490 263 0 0 0 0 0 0
205 503 292 0 0 0 0 0 0 413 457 130 0 0 0 0 0 0 250 494 256 0 0 0 0 0 0 203 519 278 0 0 0 0 0 0 245 504 251 0 0 0 0 0 0 237 477 286 0 0 0 0 0 0 255 487 258 0 0 0 0 0 0
238 500 262 0 0 0 0 0 0 403 466 131 0 0 0 0 0 0 221 494 285 0 0 0 0 0 0 233 502 265 0 0 0 0 0 0 213 497 290 0 0 0 0 0 0 242 504 254 0 0 0 0 0 0 233 462 305 0 0 0 0 0 0
232 492 276 0 0 0 0 0 0 412 451 137 0 0 0 0 0 0 233 513 254 0 0 0 0 0 0 232 501 267 0 0 0 0 0 0 220 494 286 0 0 0 0 0 0 217 496 287 0 0 0 0 0 0 242 477 281 0 0 0 0 0 0
213 489 298 0 0 0 0 0 0 382 468 150 0 0 0 0 0 0 218 516 266 0 0 0 0 0 0 227 482 291 0 0 0 0 0 0 214 471 315 0 0 0 0 0 0 216 513 271 0 0 0 0 0 0 233 490 277 0 0 0 0 0 0
211 528 261 0 0 0 0 0 0 364 471 165 0 0 0 0 0 0 197 528 275 0 0 0 0 0 0 221 468 311 0 0 0 0 0 0 202 486 312 0 0 0 0 0 0 215 509 276 0 0 0 0 0 0 223 491 286 0 0 0 0 0 0
220 491 289 0 0 0 0 0 0 389 469 142 0 0 0 0 0 0 203 499 298 0 0 0 0 0 0 223 492 285 0 0 0 0 0 0 223 487 290 0 0 0 0 0 0 214 485 301 0 0 0 0 0 0 258 486 256 0 0 0 0 0 0
215 477 308 0 0 0 0 0 0 372 490 138 0 0 0 0 0 0 205 501 294 0 0 0 0 0 0 211 495 294 0 0 0 0 0 0 214 509 277 0 0 0 0 0 0 238 472 290 0 0 0 0 0 0 192 486 322 0 0 0 0 0 0
212 478 310 0 0 0 0 0 0 389 471 140 0 0 0 0 0 0 182 518 300 0 0 0 0 0 0 231 488 281 0 0 0 0 0 0 185 516 299 0 0 0 0 0 0 186 490 324 0 0 0 0 0 0 201 508 291 0 0 0 0 0 0
188 496 316 0 0 0 0 0 0 357 491 152 0 0 0 0 0 0 227 483 290 0 0 0 0 0 0 209 470 321 0 0 0 0 0 0 192 526 282 0 0 0 0 0 0 207 491 302 0 0 0 0 0 0 215 486 299 0 0 0 0 0 0
209 487 304 0 0 0 0 0 0 370 471 159 0 0 0 0 0 0 222 475 303 0 0 0 0 0 0 200 480 320 0 0 0 0 0 0 185 496 319 0 0 0 0 0 0 202 514 284 0 0 0 0 0 0 175 471 354 0 0 0 0 0 0
184 495 321 0 0 0 0 0 0 366 464 170 0 0 0 0 0 0 205 487 308 0 0 0 0 0 0 207 479 314 0 0 0 0 0 0 197 482 321 0 0 0 0 0 0 191 492 317 0 0 0 0 0 0 196 480 324 0 0 0 0 0 0
194 477 329 0 0 0 0 0 0 379 479 142 0 0 0 0 0 0 201 473 326 0 0 0 0 0 0 191 469 340 0 0 0 0 0 0 179 503 318 0 0 0 0 0 0 196 477 327 0 0 0 0 0 0 180 497 323 0 0 0 0 0 0
191 488 321 0 0 0 0 0 0 348 482 170 0 0 0 0 0 0 206 491 303 0 0 0 0 0 0 174 488 338 0 0 0 0 0 0 203 471 326 0 0 0 0 0 0 196 469 335 0 0 0 0 0 0 178 509 313 0 0 0 0 0 0
173 489 338 0 0 0 0 0 0 392 454 154 0 0 0 0 0 0 195 483 322 0 0 0 0 0 0 190 492 318 0 0 0 0 0 0 179 499 322 0 0 0 0 0 0 196 481 323 0 0 0 0 0 0 198 477 325 0 0 0 0 0 0
200 486 314 0 0 0 0 0 0 355 486 159 0 0 0 0 0 0 188 484 328 0 0 0 0 0 0 179 499 322 0 0 0 0 0 0 184 470 346 0 0 0 0 0 0 179 459 362 0 0 0 0 0 0 167 509 324 0 0 0 0 0 0
170 479 351 0 0 0 0 0 0 347 504 149 0 0 0 0 0 0 179 486 335 0 0 0 0 0 0 188 469 343 0 0 0 0 0 0 192 483 325 0 0 0 0 0 0 193 496 311 0 0 0 0 0 0 158 501 341 0 0 0 0 0 0
172 498 330 0 0 0 0 0 0 322 492 186 0 0 0 0 0 0 173 517 310 0 0 0 0 0 0 166 517 317 0 0 0 0 0 0 171 492 337 0 0 0 0 0 0 192 484 324 0 0 0 0 0 0 190 468 342 0 0 0 0 0 0
185 447 368 0 0 0 0 0 0 342 470 188 0 0 0 0 0 0 184 465 351 0 0 0 0 0 0 175 485 340 0 0 0 0 0 0 170 484 346 0 0 0 0 0 0 157 497 346 0 0 0 0 0 0 154 491 355 0 0 0 0 0 0
191 457 352 0 0 0 0 0 0 326 525 149 0 0 0 0 0 0 155 504 341 0 0 0 0 0 0 153 493 354 0 0 0 0 0 0 194 469 337 0 0 0 0 0 0 160 504 336 0 0 0 0 0 0 168 503 329 0 0 0 0 0 0
155 488 357 0 0 0 0 0 0 327 490 183 0 0 0 0 0 0 167 479 354 0 0 0 0 0 0 166 478 356 0 0 0 0 0 0 172 485 343 0 0 0 0 0 0 156 486 358 0 0 0 0 0 0 160 486 354 0 0 0 0 0 0
163 494 343 0 0 0 0 0 0 334 497 169 0 0 0 0 0 0 159 497 344 0 0 0 0 0 0 154 521 325 0 0 0 0 0 0 157 503 340 0 0 0 0 0 0 168 488 344 0 0 0 0 0 0 159 488 353 0 0 0 0 0 0
169 486 345 0 0 0 0 0 0 332 488 180 0 0 0 0 0 0 154 509 337 0 0 0 0 0 0 158 493 349 0 0 0 0 0 0 157 503 340 0 0 0 0 0 0 156 512 332 0 0 0 0 0 0 162 487 351 0 0 0 0 0 0
158 498 344 0 0 0 0 0 0 334 486 180 0 0 0 0 0 0 185 469 346 0 0 0 0 0 0 162 472 366 0 0 0 0 0 0 155 450 395 0 0 0 0 0 0 165 461 374 0 0 0 0 0 0 172 465 363 0 0 0 0 0 0
164 491 345 0 0 0 0 0 0 306 499 195 0 0 0 0 0 0 143 500 357 0 0 0 0 0 0 156 465 379 0 0 0 0 0 0 149 495 356 0 0 0 0 0 0 170 475 355 0 0 0 0 0 0 141 449 410 0 0 0 0 0 0
149 491 360 0 0 0 0 0 0 315 504 181 0 0 0 0 0 0 145 474 381 0 0 0 0 0 0 175 460 365 0 0 0 0 0 0 131 479 390 0 0 0 0 0 0 154 484 362 0 0 0 0 0 0 166 485 349 0 0 0 0 0 0
139 451 410 0 0 0 0 0 0 337 490 173 0 0 0 0 0 0 149 475 376 0 0 0 0 0 0 134 503 363 0 0 0 0 0 0 158 460 382 0 0 0 0 0 0 176 443 381 0 0 0 0 0 0 169 466 365 0 0 0 0 0 0
145 490 365 0 0 0 0 0 0 306 488 206 0 0 0 0 0 0 148 453 399 0 0 0 0 0 0 148 475 377 0 0 0 0 0 0 168 437 395 0 0 0 0 0 0 151 494 355 0 0 0 0 0 0 152 486 362 0 0 0 0 0 0
143 477 380 0 0 0 0 0 0 290 523 187 0 0 0 0 0 0 147 450 403 0 0 0 0 0 0 145 462 393 0 0 0 0 0 0 144 493 363 0 0 0 0 0 0 146 470 384 0 0 0 0 0 0 138 477 385 0 0 0 0 0 0
114 509 377 0 0 0 0 0 0 289 492 219 0 0 0 0 0 0 145 488 367 0 0 0 0 0 0 140 461 399 0 0 0 0 0 0 136 485 379 0 0 0 0 0 0 144 477 379 0 0 0 0 0 0 136 482 382 0 0 0 0 0 0
132 496 372 0 0 0 0 0 0 287 519 194 0 0 0 0 0 0 134 440 426 0 0 0 0 0 0 132 459 409 0 0 0 0 0 0 144 471 385 0 0 0 0 0 0 146 462 392 0 0 0 0 0 0 138 472 390 0 0 0 0 0 0
154 473 373 0 0 0 0 0 0 296 492 212 0 0 0 0 0 0 109 473 418 0 0 0 0 0 0 145 457 398 0 0 0 0 0 0 150 467 383 0 0 0 0 0 0 134 483 383 0 0 0 0 0 0 135 461 404 0 0 0 0 0 0
144 447 409 0 0 0 0 0 0 284 502 214 0 0 0 0 0 0 129 447 424 0 0 0 0 0 0 108 469 423 0 0 0 0 0 0 143 476 381 0 0 0 0 0 0 135 476 389 0 0 0 0 0 0 141 460 399 0 0 0 0 0 0
132 463 405 0 0 0 0 0 0 311 491 198 0 0 0 0 0 0 120 470 410 0 0 0 0 0 0 126 461 413 0 0 0 0 0 0 121 472 407 0 0 0 0 0 0 128 447 425 0 0 0 0 0 0 146 455 399 0 0 0 0 0 0
154 450 396 0 0 0 0 0 0 287 492 221 0 0 0 0 0 0 133 449 418 0 0 0 0 0 0 127 477 396 0 0 0 0 0 0 132 465 403 0 0 0 0 0 0 129 474 397 0 0 0 0 0 0 138 478 384 0 0 0 0 0 0
137 475 388 0 0 0 0 0 0 272 517 211 0 0 0 0 0 0 123 460 417 0 0 0 0 0 0 121 466 413 0 0 0 0 0 0 135 454 411 0 0 0 0 0 0 141 449 410 0 0 0 0 0 0 126 465 409 0 0 0 0 0 0
144 482 374 0 0 0 0 0 0 261 515 224 0 0 0 0 0 0 124 454 422 0 0 0 0 0 0 141 445 414 0 0 0 0 0 0 126 459 415 0 0 0 0 0 0 131 447 422 0 0 0 0 0 0 168 422 410 0 0 0 0 0 0
112 462 426 0 0 0 0 0 0 293 496 211 0 0 0 0 0 0 132 454 414 0 0 0 0 0 0 122 475 403 0 0 0 0 0 0 126 469 405 0 0 0 0 0 0 123 456 421 0 0 0 0 0 0 121 470 409 0 0 0 0 0 0
113 432 455 0 0 0 0 0 0 277 477 246 0 0 0 0 0 0 116 456 428 0 0 0 0 0 0 120 463 417 0 0 0 0 0 0 116 484 400 0 0 0 0 0 0 139 437 424 0 0 0 0 0 0 126 470 404 0 0 0 0 0 0
126 448 426 0 0 0 0 0 0 286 488 226 0 0 0 0 0 0 122 432 446 0 0 0 0 0 0 113 456 431 0 0 0 0 0 0 116 454 430 0 0 0 0 0 0 132 459 409 0 0 0 0 0 0 124 470 406 0 0 0 0 0 0
112 467 421 0 0 0 0 0 0 276 489 235 0 0 0 0 0 0 124 465 411 0 0 0 0 0 0 131 448 421 0 0 0 0 0 0 117 425 458 0 0 0 0 0 0 132 441 427 0 0 0 0 0 0 130 461 409 0 0 0 0 0 0
106 462 432 0 0 0 0 0 0 268 489 243 0 0 0 0 0 0 105 457 438 0 0 0 0 0 0 115 441 444 0 0 0 0 0 0 121 438 441 0 0 0 0 0 0 126 436 438 0 0 0 0 0 0 131 441 428 0 0 0 0 0 0
108 481 411 0 0 0 0 0 0 234 513 253 0 0 0 0 0 0 99 485 416 0 0 0 0 0 0 115 454 431 0 0 0 0 0 0 127 425 448 0 0 0 0 0 0 128 435 437 0 0 0 0 0 0 97 426 477 0 0 0 0 0 0
120 447 433 0 0 0 0 0 0 251 490 259 0 0 0 0 0 0 110 459 431 0 0 0 0 0 0 129 435 436 0 0 0 0 0 0 104 462 434 0 0 0 0 0 0 101 441 458 0 0 0 0 0 0 114 434 452 0 0 0 0 0 0
124 435 441 0 0 0 0 0 0 264 490 246 0 0 0 0 0 0 122 445 433 0 0 0 0 0 0 125 413 462 0 0 0 0 0 0 105 462 433 0 0 0 0 0 0 113 420 467 0 0 0 0 0 0 103 465 432 0 0 0 0 0 0
118 428 454 0 0 0 0 0 0 267 521 212 0 0 0 0 0 0 113 437 450 0 0 0 0 0 0 107 447 446 0 0 0 0 0 0 125 449 426 0 0 0 0 0 0 129 423 448 0 0 0 0 0 0 111 442 447 0 0 0 0 0 0
105 442 453 0 0 0 0 0 0 257 501 242 0 0 0 0 0 0 109 425 466 0 0 0 0 0 0 126 458 416 0 0 0 0 0 0 103 440 457 0 0 0 0 0 0 86 449 465 0 0 0 0 0 0 111 442 447 0 0 0 0 0 0
111 426 463 0 0 0 0 0 0 255 494 251 0 0 0 0 0 0 108 414 478 0 0 0 0 0 0 94 457 449 0 0 0 0 0 0 91 432 477 0 0 0 0 0 0 96 434 470 0 0 0 0 0 0 105 421 474 0 0 0 0 0 0
125 414 461 0 0 0 0 0 0 279 475 246 0 0 0 0 0 0 110 436 454 0 0 0 0 0 0 120 446 434 0 0 0 0 0 0 98 438 464 0 0 0 0 0 0 88 445 467 0 0 0 0 0 0 101 447 452 0 0 0 0 0 0
108 442 450 0 0 0 0 0 0 255 508 237 0 0 0 0 0 0 108 436 456 0 0 0 0 0 0 108 452 440 0 0 0 0 0 0 104 450 446 0 0 0 0 0 0 119 434 447 0 0 0 0 0 0 128 434 438 0 0 0 0 0 0
98 430 472 0 0 0 0 0 0 266 471 263 0 0 0 0 0 0 105 434 461 0 0 0 0 0 0 100 420 480 0 0 0 0 0 0 110 435 455 0 0 0 0 0 0 117 447 436 0 0 0 0 0 0 103 438 459 0 0 0 0 0 0
103 422 475 0 0 0 0 0 0 242 499 259 0 0 0 0 0 0 96 431 473 0 0 0 0 0 0 90 386 524 0 0 0 0 0 0 85 435 480 0 0 0 0 0 0 104 444 452 0 0 0 0 0 0 105 430 465 0 0 0 0 0 0
103 447 450 0 0 0 0 0 0 234 522 244 0 0 0 0 0 0 108 430 462 0 0 0 0 0 0 90 455 455 0 0 0 0 0 0 91 440 469 0 0 0 0 0 0 89 443 468 0 0 0 0 0 0 93 426 481 0 0 0 0 0 0
94 416 490 0 0 0 0 0 0 227 518 255 0 0 0 0 0 0 83 432 485 0 0 0 0 0 0 109 438 453 0 0 0 0 0 0 87 461 452 0 0 0 0 0 0 99 431 470 0 0 0 0 0 0 70 474 456 0 0 0 0 0 0
118 425 457 0 0 0 0 0 0 230 499 271 0 0 0 0 0 0 92 463 445 0 0 0 0 0 0 95 432 473 0 0 0 0 0 0 117 431 452 0 0 0 0 0 0 95 442 463 0 0 0 0 0 0 92 451 457 0 0 0 0 0 0
88 483 429 0 0 0 0 0 0 242 504 254 0 0 0 0 0 0 91 437 472 0 0 0 0 0 0 105 409 486 0 0 0 0 0 0 87 433 480 0 0 0 0 0 0 100 429 471 0 0 0 0 0 0 104 428 468 0 0 0 0 0 0
89 450 461 0 0 0 0 0 0 240 474 286 0 0 0 0 0 0 92 442 466 0 0 0 0 0 0 72 438 490 0 0 0 0 0 0 87 435 478 0 0 0 0 0 0 96 448 456 0 0 0 0 0 0 91 428 481 0 0 0 0 0 0
97 412 491 0 0 0 0 0 0 236 466 298 0 0 0 0 0 0 91 417 492 0 0 0 0 0 0 74 415 511 0 0 0 0 0 0 84 440 476 0 0 0 0 0 0 86 447 467 0 0 0 0 0 0 92 422 486 0 0 0 0 0 0
90 424 486 0 0 0 0 0 0 223 517 260 0 0 0 0 0 0 81 418 501 0 0 0 0 0 0 102 419 479 0 0 0 0 0 0 107 410 483 0 0 0 0 0 0 89 428 483 0 0 0 0 0 0 92 442 466 0 0 0 0 0 0
102 431 467 0 0 0 0 0 0 242 476 282 0 0 0 0 0 0 80 423 497 0 0 0 0 0 0 86 449 465 0 0 0 0 0 0 91 422 487 0 0 0 0 0 0 91 438 471 0 0 0 0 0 0 88 425 487 0 0 0 0 0 0
99 397 504 0 0 0 0 0 0 221 488 291 0 0 0 0 0 0 79 422 499 0 0 0 0 0 0 96 410 494 0 0 0 0 0 0 103 415 482 0 0 0 0 0 0 93 410 497 0 0 0 0 0 0 96 415 489 0 0 0 0 0 0
85 405 510 0 0 0 0 0 0 204 514 282 0 0 0 0 0 0 89 409 502 0 0 0 0 0 0 92 418 490 0 0 0 0 0 0 94 406 500 0 0 0 0 0 0 113 379 508 0 0 0 0 0 0 93 424 483 0 0 0 0 0 0
89 414 497 0 0 0 0 0 0 210 533 257 0 0 0 0 0 0 82 427 491 0 0 0 0 0 0 82 436 482 0 0 0 0 0 0 92 418 490 0 0 0 0 0 0 99 385 516 0 0 0 0 0 0 85 421 494 0 0 0 0 0 0
95 390 515 0 0 0 0 0 0 213 525 262 0 0 0 0 0 0 80 426 494 0 0 0 0 0 0 81 402 517 0 0 0 0 0 0 81 448 471 0 0 0 0 0 0 99 412 489 0 0 0 0 0 0 73 421 506 0 0 0 0 0 0
98 409 493 0 0 0 0 0 0 194 523 283 0 0 0 0 0 0 97 404 499 0 0 0 0 0 0 95 416 489 0 0 0 0 0 0 84 441 475 0 0 0 0 0 0 81 434 485 0 0 0 0 0 0 84 410 506 0 0 0 0 0 0
87 395 518 0 0 0 0 0 0 231 519 250 0 0 0 0 0 0 72 424 504 0 0 0 0 0 0 76 406 518 0 0 0 0 0 0 81 408 511 0 0 0 0 0 0 86 401 513 0 0 0 0 0 0 95 397 508 0 0 0 0 0 0
71 404 525 0 0 0 0 0 0 187 507 306 0 0 0 0 0 0 78 416 506 0 0 0 0 0 0 81 426 493 0 0 0 0 0 0 84 422 494 0 0 0 0 0 0 95 434 471 0 0 0 0 0 0 88 417 495 0 0 0 0 0 0
87 394 519 0 0 0 0 0 0 212 507 281 0 0 0 0 0 0 88 398 514 0 0 0 0 0 0 75 407 518 0 0 0 0 0 0 70 426 504 0 0 0 0 0 0 93 426 481 0 0 0 0 0 0 97 383 520 0 0 0 0 0 0
75 410 515 0 0 0 0 0 0 188 510 302 0 0 0 0 0 0 84 387 529 0 0 0 0 0 0 80 405 515 0 0 0 0 0 0 89 390 521 0 0 0 0 0 0 83 394 523 0 0 0 0 0 0 83 415 502 0 0 0 0 0 0
84 393 523 0 0 0 0 0 0 190 508 302 0 0 0 0 0 0 85 394 521 0 0 0 0 0 0 71 395 534 0 0 0 0 0 0 67 415 518 0 0 0 0 0 0 83 411 506 0 0 0 0 0 0 71 385 544 0 0 0 0 0 0
73 444 483 0 0 0 0 0 0 209 483 308 0 0 0 0 0 0 78 393 529 0 0 0 0 0 0 83 403 514 0 0 0 0 0 0 72 407 521 0 0 0 0 0 0 76 414 510 0 0 0 0 0 0 79 397 524 0 0 0 0 0 0
63 396 541 0 0 0 0 0 0 195 467 338 0 0 0 0 0 0 71 421 508 0 0 0 0 0 0 77 369 554 0 0 0 0 0 0 67 410 523 0 0 0 0 0 0 79 398 523 0 0 0 0 0 0 60 400 540 0 0 0 0 0 0
79 397 524 0 0 0 0 0 0 176 500 324 0 0 0 0 0 0 64 388 548 0 0 0 0 0 0 86 378 536 0 0 0 0 0 0 75 403 522 0 0 0 0 0 0 97 380 523 0 0 0 0 0 0 74 418 508 0 0 0 0 0 0
72 404 524 0 0 0 0 0 0 210 540 250 0 0 0 0 0 0 88 385 527 0 0 0 0 0 0 74 360 566 0 0 0 0 0 0 82 381 537 0 0 0 0 0 0 70 405 525 0 0 0 0 0 0 68 379 553 0 0 0 0 0 0
62 350 588 0 0 0 0 0 0 221 492 287 0 0 0 0 0 0 72 381 547 0 0 0 0 0 0 59 419 522 0 0 0 0 0 0 70 411 519 0 0 0 0 0 0 73 384 543 0 0 0 0 0 0 62 395 543 0 0 0 0 0 0
69 386 545 0 0 0 0 0 0 209 464 327 0 0 0 0 0 0 67 386 547 0 0 0 0 0 0 60 397 543 0 0 0 0 0 0 77 394 529 0 0 0 0 0 0 74 424 502 0 0 0 0 0 0 62 406 532 0 0 0 0 0 0
63 390 547 0 0 0 0 0 0 200 484 316 0 0 0 0 0 0 66 391 543 0 0 0 0 0 0 71 414 515 0 0 0 0 0 0 62 392 546 0 0 0 0 0 0 80 379 541 0 0 0 0 0 0 74 397 529 0 0 0 0 0 0
77 387 536 0 0 0 0 0 0 187 519 294 0 0 0 0 0 0 78 368 554 0 0 0 0 0 0 66 410 524 0 0 0 0 0 0 61 413 526 0 0 0 0 0 0 72 378 550 0 0 0 0 0 0 67 383 550 0 0 0 0 0 0
66 390 544 0 0 0 0 0 0 176 519 305 0 0 0 0 0 0 92 352 556 0 0 0 0 0 0 86 370 544 0 0 0 0 0 0 55 422 523 0 0 0 0 0 0 62 396 542 0 0 0 0 0 0 68 362 570 0 0 0 0 0 0
57 390 553 0 0 0 0 0 0 185 478 337 0 0 0 0 0 0 68 397 535 0 0 0 0 0 0 60 440 500 0 0 0 0 0 0 75 383 542 0 0 0 0 0 0 58 399 543 0 0 0 0 0 0 66 374 560 0 0 0 0 0 0
77 349 574 0 0 0 0 0 0 201 501 298 0 0 0 0 0 0 65 384 551 0 0 0 0 0 0 74 370 556 0 0 0 0 0 0 65 379 556 0 0 0 0 0 0 59 393 548 0 0 0 0 0 0 77 372 551 0 0 0 0 0 0
61 378 561 0 0 0 0 0 0 179 474 347 0 0 0 0 0 0 64 383 553 0 0 0 0 0 0 65 397 538 0 0 0 0 0 0 69 383 548 0 0 0 0 0 0 56 394 550 0 0 0 0 0 0 62 368 570 0 0 0 0 0 0
63 399 538 0 0 0 0 0 0 184 485 331 0 0 0 0 0 0 71 376 553 0 0 0 0 0 0 67 409 524 0 0 0 0 0 0 69 368 563 0 0 0 0 0 0 52 368 580 0 0 0 0 0 0 56 353 591 0 0 0 0 0 0
54 413 533 0 0 0 0 0 0 191 496 313 0 0 0 0 0 0 67 359 574 0 0 0 0 0 0 57 385 558 0 0 0 0 0 0 53 359 588 0 0 0 0 0 0 59 371 570 0 0 0 0 0 0 69 386 545 0 0 0 0 0 0
60 373 567 0 0 0 0 0 0 159 500 341 0 0 0 0 0 0 66 381 553 0 0 0 0 0 0 65 377 558 0 0 0 0 0 0 68 353 579 0 0 0 0 0 0 68 390 542 0 0 0 0 0 0 59 374 567 0 0 0 0 0 0
66 383 551 0 0 0 0 0 0 175 476 349 0 0 0 0 0 0 47 367 586 0 0 0 0 0 0 55 374 571 0 0 0 0 0 0 53 369 578 0 0 0 0 0 0 58 347 595 0 0 0 0 0 0 57 360 583 0 0 0 0 0 0
64 358 578 0 0 0 0 0 0 184 483 333 0 0 0 0 0 0 64 377 559 0 0 0 0 0 0 54 376 570 0 0 0 0 0 0 64 355 581 0 0 0 0 0 0 65 376 559 0 0 0 0 0 0 61 359 580 0 0 0 0 0 0
65 356 579 0 0 0 0 0 0 171 490 339 0 0 0 0 0 0 51 371 578 0 0 0 0 0 0 62 375 563 0 0 0 0 0 0 58 382 560 0 0 0 0 0 0 60 368 572 0 0 0 0 0 0 62 359 579 0 0 0 0 0 0
76 345 579 0 0 0 0 0 0 178 469 353 0 0 0 0 0 0 66 376 558 0 0 0 0 0 0 60 362 578 0 0 0 0 0 0 58 378 564 0 0 0 0 0 0 63 380 557 0 0 0 0 0 0 66 363 571 0 0 0 0 0 0
60 365 575 0 0 0 0 0 0 164 483 353 0 0 0 0 0 0 49 399 552 0 0 0 0 0 0 70 349 581 0 0 0 0 0 0 60 343 597 0 0 0 0 0 0 56 376 568 0 0 0 0 0 0 62 343 595 0 0 0 0 0 0
59 370 571 0 0 0 0 0 0 170 479 351 0 0 0 0 0 0 53 356 591 0 0 0 0 0 0 62 349 589 0 0 0 0 0 0 56 366 578 0 0 0 0 0 0 51 371 578 0 0 0 0 0 0 59 363 578 0 0 0 0 0 0
60 363 577 0 0 0 0 0 0 170 491 339 0 0 0 0 0 0 51 376 573 0 0 0 0 0 0 44 377 579 0 0 0 0 0 0 54 384 562 0 0 0 0 0 0 52 369 579 0 0 0 0 0 0 70 342 588 0 0 0 0 0 0
59 363 578 0 0 0 0 0 0 176 486 338 0 0 0 0 0 0 61 356 583 0 0 0 0 0 0 59 367 574 0 0 0 0 0 0 61 345 594 0 0 0 0 0 0 64 350 586 0 0 0 0 0 0 51 375 574 0 0 0 0 0 0
71 323 606 0 0 0 0 0 0 181 464 355 0 0 0 0 0 0 40 354 606 0 0 0 0 0 0 62 327 611 0 0 0 0 0 0 42 367 591 0 0 0 0 0 0 46 365 589 0 0 0 0 0 0 42 352 606 0 0 0 0 0 0
63 357 580 0 0 0 0 0 0 147 495 358 0 0 0 0 0 0 72 318 610 0 0 0 0 0 0 42 346 612 0 0 0 0 0 0 52 363 585 0 0 0 0 0 0 72 341 587 0 0 0 0 0 0 55 349 596 0 0 0 0 0 0
60 375 565 0 0 0 0 0 0 159 496 345 0 0 0 0 0 0 59 359 582 0 0 0 0 0 0 60 360 580 0 0 0 0 0 0 40 382 578 0 0 0 0 0 0 73 338 589 0 0 0 0 0 0 50 386 564 0 0 0 0 0 0
42 372 586 0 0 0 0 0 0 155 500 345 0 0 0 0 0 0 47 361 592 0 0 0 0 0 0 53 345 602 0 0 0 0 0 0 47 354 599 0 0 0 0 0 0 57 368 575 0 0 0 0 0 0 66 333 601 0 0 0 0 0 0
57 357 586 0 0 0 0 0 0 160 465 375 0 0 0 0 0 0 47 342 611 0 0 0 0 0 0 53 356 591 0 0 0 0 0 0 45 374 581 0 0 0 0 0 0 51 353 596 0 0 0 0 0 0 58 350 592 0 0 0 0 0 0
55 360 585 0 0 0 0 0 0 160 498 342 0 0 0 0 0 0 39 344 617 0 0 0 0 0 0 47 330 623 0 0 0 0 0 0 48 352 600 0 0 0 0 0 0 59 345 596 0 0 0 0 0 0 53 349 598 0 0 0 0 0 0
48 366 586 0 0 0 0 0 0 161 457 382 0 0 0 0 0 0 43 343 614 0 0 0 0 0 0 56 357 587 0 0 0 0 0 0 42 344 614 0 0 0 0 0 0 57 321 622 0 0 0 0 0 0 48 357 595 0 0 0 0 0 0
42 359 599 0 0 0 0 0 0 173 504 323 0 0 0 0 0 0 60 338 602 0 0 0 0 0 0 41 344 615 0 0 0 0 0 0 37 339 624 0 0 0 0 0 0 52 344 604 0 0 0 0 0 0 42 332 626 0 0 0 0 0 0
47 367 586 0 0 0 0 0 0 167 477 356 0 0 0 0 0 0 46 345 609 0 0 0 0 0 0 46 321 633 0 0 0 0 0 0 57 320 623 0 0 0 0 0 0 54 311 635 0 0 0 0 0 0 52 352 596 0 0 0 0 0 0
49 360 591 0 0 0 0 0 0 138 482 380 0 0 0 0 0 0 58 353 589 0 0 0 0 0 0 45 320 635 0 0 0 0 0 0 50 318 632 0 0 0 0 0 0 44 355 601 0 0 0 0 0 0 40 349 611 0 0 0 0 0 0
53 329 618 0 0 0 0 0 0 145 476 379 0 0 0 0 0 0 48 365 587 0 0 0 0 0 0 49 332 619 0 0 0 0 0 0 56 309 635 0 0 0 0 0 0 48 343 609 0 0 0 0 0 0 53 313 634 0 0 0 0 0 0
40 352 608 0 0 0 0 0 0 128 491 381 0 0 0 0 0 0 45 342 613 0 0 0 0 0 0 60 339 601 0 0 0 0 0 0 45 347 608 0 0 0 0 0 0 45 332 623 0 0 0 0 0 0 54 340 606 0 0 0 0 0 0
49 344 607 0 0 0 0 0 0 145 481 374 0 0 0 0 0 0 57 326 617 0 0 0 0 0 0 47 303 650 0 0 0 0 0 0 38 357 605 0 0 0 0 0 0 48 332 620 0 0 0 0 0 0 52 341 607 0 0 0 0 0 0
46 350 604 0 0 0 0 0 0 134 477 389 0 0 0 0 0 0 46 354 600 0 0 0 0 0 0 39 339 622 0 0 0 0 0 0 49 343 608 0 0 0 0 0 0 34 361 605 0 0 0 0 0 0 37 348 615 0 0 0 0 0 0
45 333 622 0 0 0 0 0 0 155 484 361 0 0 0 0 0 0 59 332 609 0 0 0 0 0 0 37 337 626 0 0 0 0 0 0 49 363 588 0 0 0 0 0 0 53 336 611 0 0 0 0 0 0 42 299 659 0 0 0 0 0 0
39 326 635 0 0 0 0 0 0 158 485 357 0 0 0 0 0 0 42 367 591 0 0 0 0 0 0 49 302 649 0 0 0 0 0 0 41 321 638 0 0 0 0 0 0 44 359 597 0 0 0 0 0 0 44 356 600 0 0 0 0 0 0
58 309 633 0 0 0 0 0 0 166 443 391 0 0 0 0 0 0 30 327 643 0 0 0 0 0 0 58 312 630 0 0 0 0 0 0 46 322 632 0 0 0 0 0 0 55 309 636 0 0 0 0 0 0 43 329 628 0 0 0 0 0 0
46 317 637 0 0 0 0 0 0 132 469 399 0 0 0 0 0 0 52 351 597 0 0 0 0 0 0 43 334 623 0 0 0 0 0 0 40 336 624 0 0 0 0 0 0 37 320 643 0 0 0 0 0 0 35 321 644 0 0 0 0 0 0
40 312 648 0 0 0 0 0 0 140 464 396 0 0 0 0 0 0 35 317 648 0 0 0 0 0 0 40 325 635 0 0 0 0 0 0 47 331 622 0 0 0 0 0 0 40 337 623 0 0 0 0 0 0 53 325 622 0 0 0 0 0 0
47 336 617 0 0 0 0 0 0 121 485 394 0 0 0 0 0 0 41 330 629 0 0 0 0 0 0 45 317 638 0 0 0 0 0 0 41 304 655 0 0 0 0 0 0 44 324 632 0 0 0 0 0 0 35 319 646 0 0 0 0 0 0
53 327 620 0 0 0 0 0 0 142 459 399 0 0 0 0 0 0 48 312 640 0 0 0 0 0 0 44 320 636 0 0 0 0 0 0 40 314 646 0 0 0 0 0 0 40 306 654 0 0 0 0 0 0 60 291 649 0 0 0 0 0 0
33 353 614 0 0 0 0 0 0 140 458 402 0 0 0 0 0 0 40 319 641 0 0 0 0 0 0 39 318 643 0 0 0 0 0 0 53 311 636 0 0 0 0 0 0 45 334 621 0 0 0 0 0 0 46 344 610 0 0 0 0 0 0
38 312 650 0 0 0 0 0 0 128 477 395 0 0 0 0 0 0 27 329 644 0 0 0 0 0 0 40 311 649 0 0 0 0 0 0 31 316 653 0 0 0 0 0 0 39 325 636 0 0 0 0 0 0 42 305 653 0 0 0 0 0 0
38 314 648 0 0 0 0 0 0 137 469 394 0 0 0 0 0 0 35 329 636 0 0 0 0 0 0 39 307 654 0 0 0 0 0 0 43 308 649 0 0 0 0 0 0 35 310 655 0 0 0 0 0 0 40 311 649 0 0 0 0 0 0
38 318 644 0 0 0 0 0 0 150 446 404 0 0 0 0 0 0 35 319 646 0 0 0 0 0 0 42 322 636 0 0 0 0 0 0 39 327 634 0 0 0 0 0 0 34 320 646 0 0 0 0 0 0 42 298 660 0 0 0 0 0 0
39 323 638 0 0 0 0 0 0 125 440 435 0 0 0 0 0 0 47 316 637 0 0 0 0 0 0 32 330 638 0 0 0 0 0 0 29 320 651 0 0 0 0 0 0 38 312 650 0 0 0 0 0 0 39 329 632 0 0 0 0 0 0
32 334 634 0 0 0 0 0 0 126 464 410 0 0 0 0 0 0 30 313 657 0 0 0 0 0 0 43 327 630 0 0 0 0 0 0 39 319 642 0 0 0 0 0 0 40 294 666 0 0 0 0 0 0 38 286 676 0 0 0 0 0 0
27 319 654 0 0 0 0 0 0 102 466 432 0 0 0 0 0 0 45 275 680 0 0 0 0 0 0 41 296 663 0 0 0 0 0 0 33 312 655 0 0 0 0 0 0 35 307 658 0 0 0 0 0 0 35 290 675 0 0 0 0 0 0
36 306 658 0 0 0 0 0 0 126 464 410 0 0 0 0 0 0 44 317 639 0 0 0 0 0 0 36 309 655 0 0 0 0 0 0 28 319 653 0 0 0 0 0 0 45 286 669 0 0 0 0 0 0 32 311 657 0 0 0 0 0 0
36 314 650 0 0 0 0 0 0 132 468 400 0 0 0 0 0 0 44 276 680 0 0 0 0 0 0 40 316 644 0 0 0 0 0 0 47 314 639 0 0 0 0 0 0 33 307 660 0 0 0 0 0 0 29 327 644 0 0 0 0 0 0
37 315 648 0 0 0 0 0 0 118 492 390 0 0 0 0 0 0 34 278 688 0 0 0 0 0 0 32 305 663 0 0 0 0 0 0 45 307 648 0 0 0 0 0 0 37 319 644 0 0 0 0 0 0 34 285 681 0 0 0 0 0 0
41 320 639 0 0 0 0 0 0 142 439 419 0 0 0 0 0 0 23 296 681 0 0 0 0 0 0 35 288 677 0 0 0 0 0 0 34 301 665 0 0 0 0 0 0 30 307 663 0 0 0 0 0 0 34 299 667 0 0 0 0 0 0
38 287 675 0 0 0 0 0 0 131 449 420 0 0 0 0 0 0 26 288 686 0 0 0 0 0 0 43 308 649 0 0 0 0 0 0 30 302 668 0 0 0 0 0 0 41 301 658 0 0 0 0 0 0 34 288 678 0 0 0 0 0 0
40 318 642 0 0 0 0 0 0 106 461 433 0 0 0 0 0 0 42 317 641 0 0 0 0 0 0 36 313 651 0 0 0 0 0 0 34 288 678 0 0 0 0 0 0 32 315 653 0 0 0 0 0 0 33 279 688 0 0 0 0 0 0
27 326 647 0 0 0 0 0 0 123 441 436 0 0 0 0 0 0 34 312 654 0 0 0 0 0 0 47 286 667 0 0 0 0 0 0 38 319 643 0 0 0 0 0 0 37 334 629 0 0 0 0 0 0 36 288 676 0 0 0 0 0 0
40 303 657 0 0 0 0 0 0 126 449 425 0 0 0 0 0 0 25 290 685 0 0 0 0 0 0 22 312 666 0 0 0 0 0 0 33 293 674 0 0 0 0 0 0 35 298 667 0 0 0 0 0 0 36 286 678 0 0 0 0 0 0
30 314 656 0 0 0 0 0 0 129 446 425 0 0 0 0 0 0 33 268 699 0 0 0 0 0 0 33 308 659 0 0 0 0 0 0 36 284 680 0 0 0 0 0 0 27 316 657 0 0 0 0 0 0 24 313 663 0 0 0 0 0 0
45 289 666 0 0 0 0 0 0 115 474 411 0 0 0 0 0 0 31 304 665 0 0 0 0 0 0 32 309 659 0 0 0 0 0 0 28 290 682 0 0 0 0 0 0 34 303 663 0 0 0 0 0 0 27 284 689 0 0 0 0 0 0
32 316 652 0 0 0 0 0 0 129 458 413 0 0 0 0 0 0 30 270 700 0 0 0 0 0 0 23 271 706 0 0 0 0 0 0 30 271 699 0 0 0 0 0 0 34 273 693 0 0 0 0 0 0 36 290 674 0 0 0 0 0 0
29 260 711 0 0 0 0 0 0 109 454 437 0 0 0 0 0 0 34 282 684 0 0 0 0 0 0 43 295 662 0 0 0 0 0 0 23 301 676 0 0 0 0 0 0 36 297 667 0 0 0 0 0 0 45 286 669 0 0 0 0 0 0
39 311 650 0 0 0 0 0 0 117 450 433 0 0 0 0 0 0 24 271 705 0 0 0 0 0 0 33 271 696 0 0 0 0 0 0 33 309 658 0 0 0 0 0 0 34 295 671 0 0 0 0 0 0 34 282 684 0 0 0 0 0 0
29 279 692 0 0 0 0 0 0 120 459 421 0 0 0 0 0 0 26 268 706 0 0 0 0 0 0 23 301 676 0 0 0 0 0 0 26 295 679 0 0 0 0 0 0 42 252 706 0 0 0 0 0 0 26 305 669 0 0 0 0 0 0
33 284 683 0 0 0 0 0 0 132 445 423 0 0 0 0 0 0 33 292 675 0 0 0 0 0 0 24 272 704 0 0 0 0 0 0 33 299 668 0 0 0 0 0 0 22 265 713 0 0 0 0 0 0 29 278 693 0 0 0 0 0 0
23 300 677 0 0 0 0 0 0 125 467 408 0 0 0 0 0 0 28 283 689 0 0 0 0 0 0 31 294 675 0 0 0 0 0 0 28 308 664 0 0 0 0 0 0 42 270 688 0 0 0 0 0 0 23 290 687 0 0 0 0 0 0
33 286 681 0 0 0 0 0 0 108 448 444 0 0 0 0 0 0 31 257 712 0 0 0 0 0 0 35 290 675 0 0 0 0 0 0 31 304 665 0 0 0 0 0 0 31 305 664 0 0 0 0 0 0 26 309 665 0 0 0 0 0 0
31 276 693 0 0 0 0 0 0 119 442 439 0 0 0 0 0 0 29 284 687 0 0 0 0 0 0 28 275 697 0 0 0 0 0 0 28 304 668 0 0 0 0 0 0 22 288 690 0 0 0 0 0 0 29 298 673 0 0 0 0 0 0
25 288 687 0 0 0 0 0 0 97 447 456 0 0 0 0 0 0 23 268 709 0 0 0 0 0 0 26 264 710 0 0 0 0 0 0 35 268 697 0 0 0 0 0 0 20 295 685 0 0 0 0 0 0 24 299 677 0 0 0 0 0 0
28 283 689 0 0 0 0 0 0 102 440 458 0 0 0 0 0 0 23 277 700 0 0 0 0 0 0 33 281 686 0 0 0 0 0 0 29 278 693 0 0 0 0 0 0 41 266 693 0 0 0 0 0 0 14 282 704 0 0 0 0 0 0
28 260 712 0 0 0 0 0 0 100 434 466 0 0 0 0 0 0 31 299 670 0 0 0 0 0 0 28 263 709 0 0 0 0 0 0 24 271 705 0 0 0 0 0 0 34 281 685 0 0 0 0 0 0 34 289 677 0 0 0 0 0 0
21 317 662 0 0 0 0 0 0 101 463 436 0 0 0 0 0 0 25 292 683 0 0 0 0 0 0 13 266 721 0 0 0 0 0 0 33 264 703 0 0 0 0 0 0 31 275 694 0 0 0 0 0 0 35 287 678 0 0 0 0 0 0
28 273 699 0 0 0 0 0 0 116 458 426 0 0 0 0 0 0 30 293 677 0 0 0 0 0 0 27 252 721 0 0 0 0 0 0 31 272 697 0 0 0 0 0 0 26 270 704 0 0 0 0 0 0 36 262 702 0 0 0 0 0 0
31 263 706 0 0 0 0 0 0 109 439 452 0 0 0 0 0 0 29 268 703 0 0 0 0 0 0 36 268 696 0 0 0 0 0 0 25 281 694 0 0 0 0 0 0 24 263 713 0 0 0 0 0 0 24 260 716 0 0 0 0 0 0
26 277 697 0 0 0 0 0 0 104 432 464 0 0 0 0 0 0 21 278 701 0 0 0 0 0 0 28 300 672 0 0 0 0 0 0 14 266 720 0 0 0 0 0 0 23 288 689 0 0 0 0 0 0 20 278 702 0 0 0 0 0 0
20 260 720 0 0 0 0 0 0 99 467 434 0 0 0 0 0 0 26 241 733 0 0 0 0 0 0 27 247 726 0 0 0 0 0 0 26 247 727 0 0 0 0 0 0 24 297 679 0 0 0 0 0 0 24 256 720 0 0 0 0 0 0
30 262 708 0 0 0 0 0 0 106 420 474 0 0 0 0 0 0 17 279 704 0 0 0 0 0 0 35 296 669 0 0 0 0 0 0 22 264 714 0 0 0 0 0 0 25 241 734 0 0 0 0 0 0 20 257 723 0 0 0 0 0 0
24 260 716 0 0 0 0 0 0 109 412 479 0 0 0 0 0 0 22 267 711 0 0 0 0 0 0 27 290 683 0 0 0 0 0 0 27 259 714 0 0 0 0 0 0 21 259 720 0 0 0 0 0 0 25 266 709 0 0 0 0 0 0
28 261 711 0 0 0 0 0 0 104 467 429 0 0 0 0 0 0 22 258 720 0 0 0 0 0 0 30 255 715 0 0 0 0 0 0 26 264 710 0 0 0 0 0 0 21 267 712 0 0 0 0 0 0 25 274 701 0 0 0 0 0 0
20 255 725 0 0 0 0 0 0 113 435 452 0 0 0 0 0 0 29 257 714 0 0 0 0 0 0 22 269 709 0 0 0 0 0 0 27 255 718 0 0 0 0 0 0 27 246 727 0 0 0 0 0 0 27 249 724 0 0 0 0 0 0
29 261 710 0 0 0 0 0 0 92 432 476 0 0 0 0 0 0 22 302 676 0 0 0 0 0 0 19 267 714 0 0 0 0 0 0 24 258 718 0 0 0 0 0 0 22 253 725 0 0 0 0 0 0 16 285 699 0 0 0 0 0 0
25 262 713 0 0 0 0 0 0 98 449 453 0 0 0 0 0 0 18 275 707 0 0 0 0 0 0 15 273 712 0 0 0 0 0 0 17 270 713 0 0 0 0 0 0 17 272 711 0 0 0 0 0 0 31 245 724 0 0 0 0 0 0
22 276 702 0 0 0 0 0 0 89 421 490 0 0 0 0 0 0 19 236 745 0 0 0 0 0 0 15 268 717 0 0 0 0 0 0 21 266 713 0 0 0 0 0 0 25 287 688 0 0 0 0 0 0 28 256 716 0 0 0 0 0 0
23 265 712 0 0 0 0 0 0 96 447 457 0 0 0 0 0 0 21 299 680 0 0 0 0 0 0 17 263 720 0 0 0 0 0 0 20 249 731 0 0 0 0 0 0 18 262 720 0 0 0 0 0 0 18 263 719 0 0 0 0 0 0
17 263 720 0 0 0 0 0 0 91 447 462 0 0 0 0 0 0 22 254 724 0 0 0 0 0 0 21 247 732 0 0 0 0 0 0 28 238 734 0 0 0 0 0 0 12 265 723 0 0 0 0 0 0 23 237 740 0 0 0 0 0 0
30 228 742 0 0 0 0 0 0 88 447 465 0 0 0 0 0 0 16 267 717 0 0 0 0 0 0 15 252 733 0 0 0 0 0 0 25 270 705 0 0 0 0 0 0 21 258 721 0 0 0 0 0 0 20 246 734 0 0 0 0 0 0
31 258 711 0 0 0 0 0 0 97 423 480 0 0 0 0 0 0 21 249 730 0 0 0 0 0 0 17 237 746 0 0 0 0 0 0 15 254 731 0 0 0 0 0 0 22 228 750 0 0 0 0 0 0 25 232 743 0 0 0 0 0 0
14 258 728 0 0 0 0 0 0 99 404 497 0 0 0 0 0 0 18 238 744 0 0 0 0 0 0 24 257 719 0 0 0 0 0 0 18 247 735 0 0 0 0 0 0 21 237 742 0 0 0 0 0 0 24 270 706 0 0 0 0 0 0
23 260 717 0 0 0 0 0 0 102 413 485 0 0 0 0 0 0 19 252 729 0 0 0 0 0 0 19 267 714 0 0 0 0 0 0 26 254 720 0 0 0 0 0 0 25 238 737 0 0 0 0 0 0 25 220 755 0 0 0 0 0 0
24 250 726 0 0 0 0 0 0 87 436 477 0 0 0 0 0 0 17 257 726 0 0 0 0 0 0 20 254 726 0 0 0 0 0 0 13 268 719 0 0 0 0 0 0 21 245 734 0 0 0 0 0 0 19 227 754 0 0 0 0 0 0
22 252 726 0 0 0 0 0 0 87 416 497 0 0 0 0 0 0 22 267 711 0 0 0 0 0 0 23 256 721 0 0 0 0 0 0 18 259 723 0 0 0 0 0 0 18 246 736 0 0 0 0 0 0 27 246 727 0 0 0 0 0 0
20 256 724 0 0 0 0 0 0 76 441 483 0 0 0 0 0 0 17 232 751 0 0 0 0 0 0 18 241 741 0 0 0 0 0 0 19 233 748 0 0 0 0 0 0 26 225 749 0 0 0 0 0 0 14 225 761 0 0 0 0 0 0
11 264 725 0 0 0 0 0 0 85 442 473 0 0 0 0 0 0 13 252 735 0 0 0 0 0 0 21 246 733 0 0 0 0 0 0 17 255 728 0 0 0 0 0 0 21 249 730 0 0 0 0 0 0 16 262 722 0 0 0 0 0 0
22 253 725 0 0 0 0 0 0 99 424 477 0 0 0 0 0 0 17 228 755 0 0 0 0 0 0 11 225 764 0 0 0 0 0 0 14 245 741 0 0 0 0 0 0 14 233 753 0 0 0 0 0 0 19 225 756 0 0 0 0 0 0
22 231 747 0 0 0 0 0 0 96 432 472 0 0 0 0 0 0 15 213 772 0 0 0 0 0 0 20 244 736 0 0 0 0 0 0 14 261 725 0 0 0 0 0 0 29 227 744 0 0 0 0 0 0 15 228 757 0 0 0 0 0 0
21 227 752 0 0 0 0 0 0 83 436 481 0 0 0 0 0 0 23 266 711 0 0 0 0 0 0 27 229 744 0 0 0 0 0 0 25 235 740 0 0 0 0 0 0 18 239 743 0 0 0 0 0 0 21 245 734 0 0 0 0 0 0
12 216 772 0 0 0 0 0 0 86 413 501 0 0 0 0 0 0 24 227 749 0 0 0 0 0 0 18 221 761 0 0 0 0 0 0 25 228 747 0 0 0 0 0 0 22 249 729 0 0 0 0 0 0 21 237 742 0 0 0 0 0 0
29 228 743 0 0 0 0 0 0 86 430 484 0 0 0 0 0 0 18 242 740 0 0 0 0 0 0 19 240 741 0 0 0 0 0 0 22 244 734 0 0 0 0 0 0 21 259 720 0 0 0 0 0 0 18 269 713 0 0 0 0 0 0
15 250 735 0 0 0 0 0 0 89 447 464 0 0 0 0 0 0 21 239 740 0 0 0 0 0 0 12 240 748 0 0 0 0 0 0 12 242 746 0 0 0 0 0 0 18 237 745 0 0 0 0 0 0 13 250 737 0 0 0 0 0 0
19 242 739 0 0 0 0 0 0 85 422 493 0 0 0 0 0 0 19 237 744 0 0 0 0 0 0 16 267 717 0 0 0 0 0 0 15 212 773 0 0 0 0 0 0 14 216 770 0 0 0 0 0 0 15 246 739 0 0 0 0 0 0
22 225 753 0 0 0 0 0 0 95 422 483 0 0 0 0 0 0 22 232 746 0 0 0 0 0 0 17 249 734 0 0 0 0 0 0 18 242 740 0 0 0 0 0 0 24 245 731 0 0 0 0 0 0 22 242 736 0 0 0 0 0 0
21 227 752 0 0 0 0 0 0 87 420 493 0 0 0 0 0 0 20 208 772 0 0 0 0 0 0 17 260 723 0 0 0 0 0 0 22 225 753 0 0 0 0 0 0 14 230 756 0 0 0 0 0 0 21 228 751 0 0 0 0 0 0
17 230 753 0 0 0 0 0 0 76 424 500 0 0 0 0 0 0 23 221 756 0 0 0 0 0 0 17 272 711 0 0 0 0 0 0 19 232 749 0 0 0 0 0 0 11 246 743 0 0 0 0 0 0 14 235 751 0 0 0 0 0 0
21 206 773 0 0 0 0 0 0 91 409 500 0 0 0 0 0 0 16 241 743 0 0 0 0 0 0 17 211 772 0 0 0 0 0 0 17 225 758 0 0 0 0 0 0 15 231 754 0 0 0 0 0 0 23 237 740 0 0 0 0 0 0
13 259 728 0 0 0 0 0 0 75 396 529 0 0 0 0 0 0 15 218 767 0 0 0 0 0 0 14 236 750 0 0 0 0 0 0 16 230 754 0 0 0 0 0 0 13 221 766 0 0 0 0 0 0 20 208 772 0 0 0 0 0 0
16 261 723 0 0 0 0 0 0 95 415 490 0 0 0 0 0 0 12 243 745 0 0 0 0 0 0 20 227 753 0 0 0 0 0 0 22 218 760 0 0 0 0 0 0 23 227 750 0 0 0 0 0 0 18 215 767 0 0 0 0 0 0
12 223 765 0 0 0 0 0 0 83 429 488 0 0 0 0 0 0 10 249 741 0 0 0 0 0 0 23 240 737 0 0 0 0 0 0 16 231 753 0 0 0 0 0 0 27 216 757 0 0 0 0 0 0 22 218 760 0 0 0 0 0 0
19 221 760 0 0 0 0 0 0 75 409 516 0 0 0 0 0 0 21 232 747 0 0 0 0 0 0 14 216 770 0 0 0 0 0 0 18 228 754 0 0 0 0 0 0 13 220 767 0 0 0 0 0 0 12 249 739 0 0 0 0 0 0
12 204 784 0 0 0 0 0 0 77 404 519 0 0 0 0 0 0 18 229 753 0 0 0 0 0 0 15 243 742 0 0 0 0 0 0 21 229 750 0 0 0 0 0 0 17 227 756 0 0 0 0 0 0 14 218 768 0 0 0 0 0 0
26 207 767 0 0 0 0 0 0 73 414 513 0 0 0 0 0 0 17 229 754 0 0 0 0 0 0 20 216 764 0 0 0 0 0 0 11 234 755 0 0 0 0 0 0 15 189 796 0 0 0 0 0 0 11 246 743 0 0 0 0 0 0
16 184 800 0 0 0 0 0 0 79 406 515 0 0 0 0 0 0 14 228 758 0 0 0 0 0 0 18 228 754 0 0 0 0 0 0 16 232 752 0 0 0 0 0 0 15 243 742 0 0 0 0 0 0 13 230 757 0 0 0 0 0 0
11 222 767 0 0 0 0 0 0 77 416 507 0 0 0 0 0 0 14 213 773 0 0 0 0 0 0 14 229 757 0 0 0 0 0 0 13 203 784 0 0 0 0 0 0 13 233 754 0 0 0 0 0 0 20 229 751 0 0 0 0 0 0
12 216 772 0 0 0 0 0 0 80 389 531 0 0 0 0 0 0 16 231 753 0 0 0 0 0 0 21 212 767 0 0 0 0 0 0 15 210 775 0 0 0 0 0 0 19 214 767 0 0 0 0 0 0 20 196 784 0 0 0 0 0 0
11 197 792 0 0 0 0 0 0 65 400 535 0 0 0 0 0 0 15 200 785 0 0 0 0 0 0 18 221 761 0 0 0 0 0 0 20 208 772 0 0 0 0 0 0 13 240 747 0 0 0 0 0 0 11 213 776 0 0 0 0 0 0
19 206 775 0 0 0 0 0 0 78 409 513 0 0 0 0 0 0 22 241 737 0 0 0 0 0 0 23 196 781 0 0 0 0 0 0 15 225 760 0 0 0 0 0 0 15 219 766 0 0 0 0 0 0 22 220 758 0 0 0 0 0 0
21 214 765 0 0 0 0 0 0 78 367 555 0 0 0 0 0 0 15 208 777 0 0 0 0 0 0 16 206 778 0 0 0 0 0 0 19 223 758 0 0 0 0 0 0 19 233 748 0 0 0 0 0 0 9 227 764 0 0 0 0 0 0
15 225 760 0 0 0 0 0 0 72 383 545 0 0 0 0 0 0 13 217 770 0 0 0 0 0 0 15 205 780 0 0 0 0 0 0 16 216 768 0 0 0 0 0 0 14 235 751 0 0 0 0 0 0 21 221 758 0 0 0 0 0 0
24 201 775 0 0 0 0 0 0 68 399 533 0 0 0 0 0 0 17 216 767 0 0 0 0 0 0 15 227 758 0 0 0 0 0 0 23 203 774 0 0 0 0 0 0 19 226 755 0 0 0 0 0 0 15 218 767 0 0 0 0 0 0
15 205 780 0 0 0 0 0 0 76 421 503 0 0 0 0 0 0 10 215 775 0 0 0 0 0 0 15 210 775 0 0 0 0 0 0 9 207 784 0 0 0 0 0 0 19 211 770 0 0 0 0 0 0 13 222 765 0 0 0 0 0 0
15 216 769 0 0 0 0 0 0 77 359 564 0 0 0 0 0 0 15 219 766 0 0 0 0 0 0 8 215 777 0 0 0 0 0 0 13 211 776 0 0 0 0 0 0 10 222 768 0 0 0 0 0 0 12 207 781 0 0 0 0 0 0
16 205 779 0 0 0 0 0 0 70 410 520 0 0 0 0 0 0 13 217 770 0 0 0 0 0 0 16 202 782 0 0 0 0 0 0 13 200 787 0 0 0 0 0 0 15 221 764 0 0 0 0 0 0 12 205 783 0 0 0 0 0 0
12 212 776 0 0 0 0 0 0 79 418 503 0 0 0 0 0 0 16 195 789 0 0 0 0 0 0 16 212 772 0 0 0 0 0 0 15 228 757 0 0 0 0 0 0 18 210 772 0 0 0 0 0 0 17 201 782 0 0 0 0 0 0
16 201 783 0 0 0 0 0 0 76 402 522 0 0 0 0 0 0 6 207 787 0 0 0 0 0 0 12 188 800 0 0 0 0 0 0 12 194 794 0 0 0 0 0 0 16 190 794 0 0 0 0 0 0 10 199 791 0 0 0 0 0 0
16 210 774 0 0 0 0 0 0 65 392 543 0 0 0 0 0 0 11 205 784 0 0 0 0 0 0 13 211 776 0 0 0 0 0 0 7 212 781 0 0 0 0 0 0 12 196 792 0 0 0 0 0 0 11 212 777 0 0 0 0 0 0
15 226 759 0 0 0 0 0 0 62 409 529 0 0 0 0 0 0 7 222 771 0 0 0 0 0 0 12 194 794 0 0 0 0 0 0 7 197 796 0 0 0 0 0 0 14 193 793 0 0 0 0 0 0 12 199 789 0 0 0 0 0 0
19 205 776 0 0 0 0 0 0 86 387 527 0 0 0 0 0 0 16 201 783 0 0 0 0 0 0 14 208 778 0 0 0 0 0 0 10 173 817 0 0 0 0 0 0 13 178 809 0 0 0 0 0 0 14 186 800 0 0 0 0 0 0
10 203 787 0 0 0 0 0 0 83 394 523 0 0 0 0 0 0 12 198 790 0 0 0 0 0 0 9 203 788 0 0 0 0 0 0 12 219 769 0 0 0 0 0 0 13 208 779 0 0 0 0 0 0 11 205 784 0 0 0 0 0 0
11 194 795 0 0 0 0 0 0 80 408 512 0 0 0 0 0 0 17 197 786 0 0 0 0 0 0 13 178 809 0 0 0 0 0 0 12 213 775 0 0 0 0 0 0 23 208 769 0 0 0 0 0 0 13 212 775 0 0 0 0 0 0
14 222 764 0 0 0 0 0 0 82 399 519 0 0 0 0 0 0 11 196 793 0 0 0 0 0 0 13 199 788 0 0 0 0 0 0 11 218 771 0 0 0 0 0 0 8 196 796 0 0 0 0 0 0 19 214 767 0 0 0 0 0 0
12 211 777 0 0 0 0 0 0 70 359 571 0 0 0 0 0 0 13 191 796 0 0 0 0 0 0 9 193 798 0 0 0 0 0 0 15 197 788 0 0 0 0 0 0 13 202 785 0 0 0 0 0 0 19 194 787 0 0 0 0 0 0
13 180 807 0 0 0 0 0 0 73 405 522 0 0 0 0 0 0 9 208 783 0 0 0 0 0 0 11 200 789 0 0 0 0 0 0 14 190 796 0 0 0 0 0 0 16 186 798 0 0 0 0 0 0 12 181 807 0 0 0 0 0 0
15 173 812 0 0 0 0 0 0 68 360 572 0 0 0 0 0 0 6 189 805 0 0 0 0 0 0 14 176 810 0 0 0 0 0 0 14 191 795 0 0 0 0 0 0 15 199 786 0 0 0 0 0 0 14 202 784 0 0 0 0 0 0
14 191 795 0 0 0 0 0 0 59 384 557 0 0 0 0 0 0 16 199 785 0 0 0 0 0 0 15 184 801 0 0 0 0 0 0 10 188 802 0 0 0 0 0 0 11 175 814 0 0 0 0 0 0 15 187 798 0 0 0 0 0 0
15 214 771 0 0 0 0 0 0 76 345 579 0 0 0 0 0 0 13 195 792 0 0 0 0 0 0 10 190 800 0 0 0 0 0 0 13 222 765 0 0 0 0 0 0 19 198 783 0 0 0 0 0 0 18 193 789 0 0 0 0 0 0
11 219 770 0 0 0 0 0 0 65 381 554 0 0 0 0 0 0 14 196 790 0 0 0 0 0 0 13 206 781 0 0 0 0 0 0 16 212 772 0 0 0 0 0 0 10 196 794 0 0 0 0 0 0 10 190 800 0 0 0 0 0 0
20 185 795 0 0 0 0 0 0 58 410 532 0 0 0 0 0 0 17 179 804 0 0 0 0 0 0 9 205 786 0 0 0 0 0 0 11 208 781 0 0 0 0 0 0 11 200 789 0 0 0 0 0 0 13 197 790 0 0 0 0 0 0
13 184 803 0 0 0 0 0 0 62 374 564 0 0 0 0 0 0 13 200 787 0 0 0 0 0 0 11 205 784 0 0 0 0 0 0 10 195 795 0 0 0 0 0 0 11 188 801 0 0 0 0 0 0 7 192 801 0 0 0 0 0 0
15 203 782 0 0 0 0 0 0 59 390 551 0 0 0 0 0 0 12 197 791 0 0 0 0 0 0 9 181 810 0 0 0 0 0 0 10 230 760 0 0 0 0 0 0 7 187 806 0 0 0 0 0 0 9 194 797 0 0 0 0 0 0
8 214 778 0 0 0 0 0 0 55 419 526 0 0 0 0 0 0 16 181 803 0 0 0 0 0 0 9 216 775 0 0 0 0 0 0 9 199 792 0 0 0 0 0 0 15 184 801 0 0 0 0 0 0 11 182 807 0 0 0 0 0 0
9 177 814 0 0 0 0 0 0 68 354 578 0 0 0 0 0 0 7 194 799 0 0 0 0 0 0 6 181 813 0 0 0 0 0 0 8 180 812 0 0 0 0 0 0 9 178 813 0 0 0 0 0 0 11 168 821 0 0 0 0 0 0
13 190 797 0 0 0 0 0 0 69 379 552 0 0 0 0 0 0 7 181 812 0 0 0 0 0 0 8 174 818 0 0 0 0 0 0 15 198 787 0 0 0 0 0 0 9 188 803 0 0 0 0 0 0 12 187 801 0 0 0 0 0 0
9 205 786 0 0 0 0 0 0 51 399 550 0 0 0 0 0 0 13 184 803 0 0 0 0 0 0 8 169 823 0 0 0 0 0 0 5 164 831 0 0 0 0 0 0 7 159 834 0 0 0 0 0 0 11 193 796 0 0 0 0 0 0
19 197 784 0 0 0 0 0 0 71 380 549 0 0 0 0 0 0 8 181 811 0 0 0 0 0 0 14 208 778 0 0 0 0 0 0 5 178 817 0 0 0 0 0 0 10 182 808 0 0 0 0 0 0 15 190 795 0 0 0 0 0 0
12 203 785 0 0 0 0 0 0 67 391 542 0 0 0 0 0 0 7 195 798 0 0 0 0 0 0 10 182 808 0 0 0 0 0 0 13 188 799 0 0 0 0 0 0 9 209 782 0 0 0 0 0 0 11 194 795 0 0 0 0 0 0
11 184 805 0 0 0 0 0 0 70 351 579 0 0 0 0 0 0 15 189 796 0 0 0 0 0 0 7 203 790 0 0 0 0 0 0 14 172 814 0 0 0 0 0 0 8 175 817 0 0 0 0 0 0 10 190 800 0 0 0 0 0 0
9 185 806 0 0 0 0 0 0 63 349 588 0 0 0 0 0 0 7 180 813 0 0 0 0 0 0 17 174 809 0 0 0 0 0 0 12 190 798 0 0 0 0 0 0 15 174 811 0 0 0 0 0 0 7 185 808 0 0 0 0 0 0
9 175 816 0 0 0 0 0 0 56 360 584 0 0 0 0 0 0 11 188 801 0 0 0 0 0 0 5 205 790 0 0 0 0 0 0 9 184 807 0 0 0 0 0 0 5 181 814 0 0 0 0 0 0 13 171 816 0 0 0 0 0 0
15 197 788 0 0 0 0 0 0 58 391 551 0 0 0 0 0 0 10 155 835 0 0 0 0 0 0 10 161 829 0 0 0 0 0 0 5 152 843 0 0 0 0 0 0 6 165 829 0 0 0 0 0 0 9 181 810 0 0 0 0 0 0
7 186 807 0 0 0 0 0 0 59 360 581 0 0 0 0 0 0 11 172 817 0 0 0 0 0 0 10 180 810 0 0 0 0 0 0 9 176 815 0 0 0 0 0 0 12 185 803 0 0 0 0 0 0 5 176 819 0 0 0 0 0 0
10 179 811 0 0 0 0 0 0 57 395 548 0 0 0 0 0 0 6 206 788 0 0 0 0 0 0 15 155 830 0 0 0 0 0 0 10 173 817 0 0 0 0 0 0 7 182 811 0 0 0 0 0 0 9 192 799 0 0 0 0 0 0
9 189 802 0 0 0 0 0 0 57 348 595 0 0 0 0 0 0 10 176 814 0 0 0 0 0 0 4 163 833 0 0 0 0 0 0 8 192 800 0 0 0 0 0 0 12 180 808 0 0 0 0 0 0 12 146 842 0 0 0 0 0 0
8 179 813 0 0 0 0 0 0 56 370 574 0 0 0 0 0 0 5 182 813 0 0 0 0 0 0 13 172 815 0 0 0 0 0 0 8 192 800 0 0 0 0 0 0 9 185 806 0 0 0 0 0 0 14 166 820 0 0 0 0 0 0
9 191 800 0 0 0 0 0 0 54 363 583 0 0 0 0 0 0 7 181 812 0 0 0 0 0 0 6 163 831 0 0 0 0 0 0 7 157 836 0 0 0 0 0 0 9 183 808 0 0 0 0 0 0 13 178 809 0 0 0 0 0 0
10 166 824 0 0 0 0 0 0 43 373 584 0 0 0 0 0 0 6 190 804 0 0 0 0 0 0 9 149 842 0 0 0 0 0 0 10 156 834 0 0 0 0 0 0 10 169 821 0 0 0 0 0 0 8 175 817 0 0 0 0 0 0
7 169 824 0 0 0 0 0 0 60 356 584 0 0 0 0 0 0 7 169 824 0 0 0 0 0 0 4 173 823 0 0 0 0 0 0 4 168 828 0 0 0 0 0 0 9 167 824 0 0 0 0 0 0 9 180 811 0 0 0 0 0 0
12 176 812 0 0 0 0 0 0 55 380 565 0 0 0 0 0 0 7 176 817 0 0 0 0 0 0 6 157 837 0 0 0 0 0 0 10 161 829 0 0 0 0 0 0 8 191 801 0 0 0 0 0 0 4 172 824 0 0 0 0 0 0
6 176 818 0 0 0 0 0 0 54 352 594 0 0 0 0 0 0 11 163 826 0 0 0 0 0 0 9 165 826 0 0 0 0 0 0 7 167 826 0 0 0 0 0 0 6 184 810 0 0 0 0 0 0 5 183 812 0 0 0 0 0 0
10 174 816 0 0 0 0 0 0 45 368 587 0 0 0 0 0 0 9 168 823 0 0 0 0 0 0 10 172 818 0 0 0 0 0 0 12 168 820 0 0 0 0 0 0 6 171 823 0 0 0 0 0 0 5 182 813 0 0 0 0 0 0
12 151 837 0 0 0 0 0 0 40 344 616 0 0 0 0 0 0 7 196 797 0 0 0 0 0 0 9 157 834 0 0 0 0 0 0 8 174 818 0 0 0 0 0 0 8 181 811 0 0 0 0 0 0 10 172 818 0 0 0 0 0 0
11 171 818 0 0 0 0 0 0 60 354 586 0 0 0 0 0 0 10 153 837 0 0 0 0 0 0 7 154 839 0 0 0 0 0 0 10 162 828 0 0 0 0 0 0 10 173 817 0 0 0 0 0 0 5 154 841 0 0 0 0 0 0
5 157 838 0 0 0 0 0 0 62 348 590 0 0 0 0 0 0 10 158 832 0 0 0 0 0 0 9 153 838 0 0 0 0 0 0 14 177 809 0 0 0 0 0 0 5 149 846 0 0 0 0 0 0 9 170 821 0 0 0 0 0 0
6 143 851 0 0 0 0 0 0 50 355 595 0 0 0 0 0 0 11 167 822 0 0 0 0 0 0 14 171 815 0 0 0 0 0 0 9 180 811 0 0 0 0 0 0 7 171 822 0 0 0 0 0 0 3 170 827 0 0 0 0 0 0
8 160 832 0 0 0 0 0 0 47 367 586 0 0 0 0 0 0 3 157 840 0 0 0 0 0 0 14 164 822 0 0 0 0 0 0 6 152 842 0 0 0 0 0 0 7 164 829 0 0 0 0 0 0 4 151 845 0 0 0 0 0 0
7 157 836 0 0 0 0 0 0 49 350 601 0 0 0 0 0 0 9 144 847 0 0 0 0 0 0 10 164 826 0 0 0 0 0 0 6 168 826 0 0 0 0 0 0 10 137 853 0 0 0 0 0 0 10 159 831 0 0 0 0 0 0
5 148 847 0 0 0 0 0 0 43 365 592 0 0 0 0 0 0 5 157 838 0 0 0 0 0 0 6 177 817 0 0 0 0 0 0 5 152 843 0 0 0 0 0 0 11 155 834 0 0 0 0 0 0 8 183 809 0 0 0 0 0 0
8 163 829 0 0 0 0 0 0 55 338 607 0 0 0 0 0 0 6 176 818 0 0 0 0 0 0 13 191 796 0 0 0 0 0 0 5 155 840 0 0 0 0 0 0 5 152 843 0 0 0 0 0 0 8 135 857 0 0 0 0 0 0
9 168 823 0 0 0 0 0 0 60 351 589 0 0 0 0 0 0 8 150 842 0 0 0 0 0 0 5 149 846 0 0 0 0 0 0 5 161 834 0 0 0 0 0 0 4 149 847 0 0 0 0 0 0 6 167 827 0 0 0 0 0 0
7 171 822 0 0 0 0 0 0 52 397 551 0 0 0 0 0 0 9 147 844 0 0 0 0 0 0 9 166 825 0 0 0 0 0 0 10 168 822 0 0 0 0 0 0 10 159 831 0 0 0 0 0 0 5 146 849 0 0 0 0 0 0
6 142 852 0 0 0 0 0 0 54 343 603 0 0 0 0 0 0 7 166 827 0 0 0 0 0 0 9 168 823 0 0 0 0 0 0 6 163 831 0 0 0 0 0 0 3 145 852 0 0 0 0 0 0 6 151 843 0 0 0 0 0 0
7 173 820 0 0 0 0 0 0 47 355 598 0 0 0 0 0 0 4 151 845 0 0 0 0 0 0 7 159 834 0 0 0 0 0 0 7 154 839 0 0 0 0 0 0 12 153 835 0 0 0 0 0 0 5 159 836 0 0 0 0 0 0
7 153 840 0 0 0 0 0 0 51 350 599 0 0 0 0 0 0 11 146 843 0 0 0 0 0 0 6 172 822 0 0 0 0 0 0 4 177 819 0 0 0 0 0 0 8 145 847 0 0 0 0 0 0 7 145 848 0 0 0 0 0 0
8 141 851 0 0 0 0 0 0 62 350 588 0 0 0 0 0 0 14 147 839 0 0 0 0 0 0 7 162 831 0 0 0 0 0 0 3 132 865 0 0 0 0 0 0 13 155 832 0 0 0 0 0 0 8 126 866 0 0 0 0 0 0
8 143 849 0 0 0 0 0 0 58 328 614 0 0 0 0 0 0 1 158 841 0 0 0 0 0 0 8 171 821 0 0 0 0 0 0 6 142 852 0 0 0 0 0 0 4 177 819 0 0 0 0 0 0 6 151 843 0 0 0 0 0 0
9 169 822 0 0 0 0 0 0 45 350 605 0 0 0 0 0 0 7 140 853 0 0 0 0 0 0 7 153 840 0 0 0 0 0 0 8 161 831 0 0 0 0 0 0 9 159 832 0 0 0 0 0 0 6 165 829 0 0 0 0 0 0
7 167 826 0 0 0 0 0 0 49 333 618 0 0 0 0 0 0 5 164 831 0 0 0 0 0 0 11 130 859 0 0 0 0 0 0 7 158 835 0 0 0 0 0 0 6 144 850 0 0 0 0 0 0 6 139 855 0 0 0 0 0 0
15 162 823 0 0 0 0 0 0 54 336 610 0 0 0 0 0 0 6 145 849 0 0 0 0 0 0 4 154 842 0 0 0 0 0 0 9 179 812 0 0 0 0 0 0 7 169 824 0 0 0 0 0 0 4 169 827 0 0 0 0 0 0
4 146 850 0 0 0 0 0 0 45 341 614 0 0 0 0 0 0 5 151 844 0 0 0 0 0 0 6 150 844 0 0 0 0 0 0 8 144 848 0 0 0 0 0 0 9 146 845 0 0 0 0 0 0 11 133 856 0 0 0 0 0 0
5 159 836 0 0 0 0 0 0 51 360 589 0 0 0 0 0 0 5 135 860 0 0 0 0 0 0 5 158 837 0 0 0 0 0 0 5 151 844 0 0 0 0 0 0 4 172 824 0 0 0 0 0 0 10 158 832 0 0 0 0 0 0
8 154 838 0 0 0 0 0 0 45 324 631 0 0 0 0 0 0 7 144 849 0 0 0 0 0 0 8 145 847 0 0 0 0 0 0 5 152 843 0 0 0 0 0 0 6 145 849 0 0 0 0 0 0 11 155 834 0 0 0 0 0 0
7 149 844 0 0 0 0 0 0 46 334 620 0 0 0 0 0 0 7 158 835 0 0 0 0 0 0 7 160 833 0 0 0 0 0 0 5 148 847 0 0 0 0 0 0 4 145 851 0 0 0 0 0 0 7 163 830 0 0 0 0 0 0
2 144 854 0 0 0 0 0 0 44 325 631 0 0 0 0 0 0 12 144 844 0 0 0 0 0 0 8 123 869 0 0 0 0 0 0 7 127 866 0 0 0 0 0 0 5 144 851 0 0 0 0 0 0 2 169 829 0 0 0 0 0 0
5 154 841 0 0 0 0 0 0 51 339 610 0 0 0 0 0 0 6 142 852 0 0 0 0 0 0 5 145 850 0 0 0 0 0 0 5 161 834 0 0 0 0 0 0 11 148 841 0 0 0 0 0 0 6 150 844 0 0 0 0 0 0
10 149 841 0 0 0 0 0 0 47 326 627 0 0 0 0 0 0 5 138 857 0 0 0 0 0 0 6 143 851 0 0 0 0 0 0 5 147 848 0 0 0 0 0 0 13 136 851 0 0 0 0 0 0 8 128 864 0 0 0 0 0 0
7 148 845 0 0 0 0 0 0 35 318 647 0 0 0 0 0 0 5 136 859 0 0 0 0 0 0 5 152 843 0 0 0 0 0 0 5 143 852 0 0 0 0 0 0 5 151 844 0 0 0 0 0 0 3 144 853 0 0 0 0 0 0
10 140 850 0 0 0 0 0 0 48 335 617 0 0 0 0 0 0 5 142 853 0 0 0 0 0 0 6 119 875 0 0 0 0 0 0 4 144 852 0 0 0 0 0 0 10 155 835 0 0 0 0 0 0 3 154 843 0 0 0 0 0 0
2 143 855 0 0 0 0 0 0 50 349 601 0 0 0 0 0 0 7 144 849 0 0 0 0 0 0 4 134 862 0 0 0 0 0 0 4 136 860 0 0 0 0 0 0 6 127 867 0 0 0 0 0 0 1 134 865 0 0 0 0 0 0
9 136 855 0 0 0 0 0 0 49 350 601 0 0 0 0 0 0 4 153 843 0 0 0 0 0 0 6 163 831 0 0 0 0 0 0 6 143 851 0 0 0 0 0 0 6 134 860 0 0 0 0 0 0 7 143 850 0 0 0 0 0 0
14 147 839 0 0 0 0 0 0 39 346 615 0 0 0 0 0 0 9 129 862 0 0 0 0 0 0 3 123 874 0 0 0 0 0 0 6 120 874 0 0 0 0 0 0 5 148 847 0 0 0 0 0 0 5 113 882 0 0 0 0 0 0
3 148 849 0 0 0 0 0 0 53 344 603 0 0 0 0 0 0 8 134 858 0 0 0 0 0 0 9 135 856 0 0 0 0 0 0 5 106 889 0 0 0 0 0 0 9 144 847 0 0 0 0 0 0 2 124 874 0 0 0 0 0 0
6 133 861 0 0 0 0 0 0 47 323 630 0 0 0 0 0 0 4 130 866 0 0 0 0 0 0 6 144 850 0 0 0 0 0 0 5 125 870 0 0 0 0 0 0 5 150 845 0 0 0 0 0 0 2 149 849 0 0 0 0 0 0
4 144 852 0 0 0 0 0 0 44 357 599 0 0 0 0 0 0 5 122 873 0 0 0 0 0 0 7 122 871 0 0 0 0 0 0 4 144 852 0 0 0 0 0 0 9 150 841 0 0 0 0 0 0 4 132 864 0 0 0 0 0 0
6 141 853 0 0 0 0 0 0 27 326 647 0 0 0 0 0 0 8 135 857 0 0 0 0 0 0 5 150 845 0 0 0 0 0 0 4 163 833 0 0 0 0 0 0 4 137 859 0 0 0 0 0 0 5 143 852 0 0 0 0 0 0
3 139 858 0 0 0 0 0 0 36 327 637 0 0 0 0 0 0 8 115 877 0 0 0 0 0 0 4 119 877 0 0 0 0 0 0 7 141 852 0 0 0 0 0 0 6 118 876 0 0 0 0 0 0 4 128 868 0 0 0 0 0 0
10 127 863 0 0 0 0 0 0 46 330 624 0 0 0 0 0 0 6 144 850 0 0 0 0 0 0 4 126 870 0 0 0 0 0 0 8 131 861 0 0 0 0 0 0 11 134 855 0 0 0 0 0 0 6 140 854 0 0 0 0 0 0
5 116 879 0 0 0 0 0 0 35 315 650 0 0 0 0 0 0 3 130 867 0 0 0 0 0 0 3 127 870 0 0 0 0 0 0 4 128 868 0 0 0 0 0 0 9 131 860 0 0 0 0 0 0 5 130 865 0 0 0 0 0 0
8 127 865 0 0 0 0 0 0 54 334 612 0 0 0 0 0 0 8 141 851 0 0 0 0 0 0 5 154 841 0 0 0 0 0 0 4 134 862 0 0 0 0 0 0 5 129 866 0 0 0 0 0 0 7 110 883 0 0 0 0 0 0
8 145 847 0 0 0 0 0 0 39 345 616 0 0 0 0 0 0 5 141 854 0 0 0 0 0 0 8 148 844 0 0 0 0 0 0 8 145 847 0 0 0 0 0 0 2 153 845 0 0 0 0 0 0 5 119 876 0 0 0 0 0 0
4 127 869 0 0 0 0 0 0 35 294 671 0 0 0 0 0 0 4 117 879 0 0 0 0 0 0 8 151 841 0 0 0 0 0 0 5 136 859 0 0 0 0 0 0 3 138 859 0 0 0 0 0 0 7 129 864 0 0 0 0 0 0
2 144 854 0 0 0 0 0 0 46 306 648 0 0 0 0 0 0 5 125 870 0 0 0 0 0 0 4 137 859 0 0 0 0 0 0 5 129 866 0 0 0 0 0 0 3 117 880 0 0 0 0 0 0 7 122 871 0 0 0 0 0 0
2 138 860 0 0 0 0 0 0 45 343 612 0 0 0 0 0 0 3 130 867 0 0 0 0 0 0 8 137 855 0 0 0 0 0 0 11 122 867 0 0 0 0 0 0 5 135 860 0 0 0 0 0 0 3 131 866 0 0 0 0 0 0
3 150 847 0 0 0 0 0 0 30 325 645 0 0 0 0 0 0 5 119 876 0 0 0 0 0 0 9 130 861 0 0 0 0 0 0 4 146 850 0 0 0 0 0 0 7 127 866 0 0 0 0 0 0 6 133 861 0 0 0 0 0 0
1 117 882 0 0 0 0 0 0 30 334 636 0 0 0 0 0 0 1 148 851 0 0 0 0 0 0 9 124 867 0 0 0 0 0 0 10 137 853 0 0 0 0 0 0 6 127 867 0 0 0 0 0 0 5 122 873 0 0 0 0 0 0
10 121 869 0 0 0 0 0 0 53 327 620 0 0 0 0 0 0 4 126 870 0 0 0 0 0 0 3 143 854 0 0 0 0 0 0 4 139 857 0 0 0 0 0 0 9 137 854 0 0 0 0 0 0 8 110 882 0 0 0 0 0 0
5 142 853 0 0 0 0 0 0 37 328 635 0 0 0 0 0 0 8 112 880 0 0 0 0 0 0 3 134 863 0 0 0 0 0 0 9 136 855 0 0 0 0 0 0 3 124 873 0 0 0 0 0 0 3 120 877 0 0 0 0 0 0
9 132 859 0 0 0 0 0 0 38 334 628 0 0 0 0 0 0 9 137 854 0 0 0 0 0 0 3 138 859 0 0 0 0 0 0 4 141 855 0 0 0 0 0 0 7 124 869 0 0 0 0 0 0 8 117 875 0 0 0 0 0 0
4 112 884 0 0 0 0 0 0 32 328 640 0 0 0 0 0 0 1 119 880 0 0 0 0 0 0 2 134 864 0 0 0 0 0 0 3 143 854 0 0 0 0 0 0 4 117 879 0 0 0 0 0 0 3 144 853 0 0 0 0 0 0
2 127 871 0 0 0 0 0 0 39 311 650 0 0 0 0 0 0 3 132 865 0 0 0 0 0 0 4 126 870 0 0 0 0 0 0 4 117 879 0 0 0 0 0 0 3 149 848 0 0 0 0 0 0 3 134 863 0 0 0 0 0 0
5 115 880 0 0 0 0 0 0 35 297 668 0 0 0 0 0 0 2 124 874 0 0 0 0 0 0 4 117 879 0 0 0 0 0 0 4 143 853 0 0 0 0 0 0 5 140 855 0 0 0 0 0 0 4 107 889 0 0 0 0 0 0
5 113 882 0 0 0 0 0 0 36 348 616 0 0 0 0 0 0 4 104 892 0 0 0 0 0 0 5 140 855 0 0 0 0 0 0 6 116 878 0 0 0 0 0 0 8 123 869 0 0 0 0 0 0 5 120 875 0 0 0 0 0 0
2 128 870 0 0 0 0 0 0 40 314 646 0 0 0 0 0 0 5 123 872 0 0 0 0 0 0 8 129 863 0 0 0 0 0 0 3 131 866 0 0 0 0 0 0 7 116 877 0 0 0 0 0 0 9 115 876 0 0 0 0 0 0
4 136 860 0 0 0 0 0 0 25 295 680 0 0 0 0 0 0 4 103 893 0 0 0 0 0 0 4 115 881 0 0 0 0 0 0 4 118 878 0 0 0 0 0 0 3 129 868 0 0 0 0 0 0 8 131 861 0 0 0 0 0 0
2 108 890 0 0 0 0 0 0 36 301 663 0 0 0 0 0 0 3 122 875 0 0 0 0 0 0 4 113 883 0 0 0 0 0 0 5 117 878 0 0 0 0 0 0 7 125 868 0 0 0 0 0 0 7 108 885 0 0 0 0 0 0
8 121 871 0 0 0 0 0 0 35 332 633 0 0 0 0 0 0 2 129 869 0 0 0 0 0 0 6 113 881 0 0 0 0 0 0 1 112 887 0 0 0 0 0 0 4 122 874 0 0 0 0 0 0 7 122 871 0 0 0 0 0 0
3 135 862 0 0 0 0 0 0 33 323 644 0 0 0 0 0 0 1 111 888 0 0 0 0 0 0 8 108 884 0 0 0 0 0 0 4 131 865 0 0 0 0 0 0 5 135 860 0 0 0 0 0 0 5 118 877 0 0 0 0 0 0
3 102 895 0 0 0 0 0 0 39 318 643 0 0 0 0 0 0 4 100 896 0 0 0 0 0 0 0 124 876 0 0 0 0 0 0 1 106 893 0 0 0 0 0 0 5 113 882 0 0 0 0 0 0 5 130 865 0 0 0 0 0 0
5 125 870 0 0 0 0 0 0 24 294 682 0 0 0 0 0 0 4 109 887 0 0 0 0 0 0 6 128 866 0 0 0 0 0 0 5 141 854 0 0 0 0 0 0 6 136 858 0 0 0 0 0 0 5 108 887 0 0 0 0 0 0
3 113 884 0 0 0 0 0 0 44 285 671 0 0 0 0 0 0 5 128 867 0 0 0 0 0 0 4 108 888 0 0 0 0 0 0 8 143 849 0 0 0 0 0 0 3 124 873 0 0 0 0 0 0 5 135 860 0 0 0 0 0 0
6 106 888 0 0 0 0 0 0 40 293 667 0 0 0 0 0 0 6 118 876 0 0 0 0 0 0 4 127 869 0 0 0 0 0 0 9 123 868 0 0 0 0 0 0 4 113 883 0 0 0 0 0 0 2 119 879 0 0 0 0 0 0
5 124 871 0 0 0 0 0 0 34 289 677 0 0 0 0 0 0 4 109 887 0 0 0 0 0 0 3 128 869 0 0 0 0 0 0 4 125 871 0 0 0 0 0 0 4 120 876 0 0 0 0 0 0 4 121 875 0 0 0 0 0 0
5 124 871 0 0 0 0 0 0 34 310 656 0 0 0 0 0 0 2 119 879 0 0 0 0 0 0 0 115 885 0 0 0 0 0 0 2 127 871 0 0 0 0 0 0 1 141 858 0 0 0 0 0 0 3 135 862 0 0 0 0 0 0
6 102 892 0 0 0 0 0 0 35 297 668 0 0 0 0 0 0 3 98 899 0 0 0 0 0 0 7 107 886 0 0 0 0 0 0 3 105 892 0 0 0 0 0 0 5 127 868 0 0 0 0 0 0 3 119 878 0 0 0 0 0 0
2 117 881 0 0 0 0 0 0 32 304 664 0 0 0 0 0 0 1 109 890 0 0 0 0 0 0 3 114 883 0 0 0 0 0 0 3 115 882 0 0 0 0 0 0 2 115 883 0 0 0 0 0 0 8 140 852 0 0 0 0 0 0
7 130 863 0 0 0 0 0 0 32 299 669 0 0 0 0 0 0 4 120 876 0 0 0 0 0 0 6 110 884 0 0 0 0 0 0 1 118 881 0 0 0 0 0 0 4 124 872 0 0 0 0 0 0 1 109 890 0 0 0 0 0 0
2 113 885 0 0 0 0 0 0 32 310 658 0 0 0 0 0 0 4 125 871 0 0 0 0 0 0 6 115 879 0 0 0 0 0 0 3 123 874 0 0 0 0 0 0 2 114 884 0 0 0 0 0 0 6 100 894 0 0 0 0 0 0
5 143 852 0 0 0 0 0 0 44 309 647 0 0 0 0 0 0 5 113 882 0 0 0 0 0 0 2 129 869 0 0 0 0 0 0 6 114 880 0 0 0 0 0 0 3 119 878 0 0 0 0 0 0 3 118 879 0 0 0 0 0 0
4 106 890 0 0 0 0 0 0 30 305 665 0 0 0 0 0 0 4 112 884 0 0 0 0 0 0 2 127 871 0 0 0 0 0 0 2 117 881 0 0 0 0 0 0 1 118 881 0 0 0 0 0 0 8 117 875 0 0 0 0 0 0
4 125 871 0 0 0 0 0 0 31 286 683 0 0 0 0 0 0 2 130 868 0 0 0 0 0 0 7 122 871 0 0 0 0 0 0 2 93 905 0 0 0 0 0 0 4 115 881 0 0 0 0 0 0 8 99 893 0 0 0 0 0 0
1 106 893 0 0 0 0 0 0 38 287 675 0 0 0 0 0 0 5 132 863 0 0 0 0 0 0 4 92 904 0 0 0 0 0 0 1 98 901 0 0 0 0 0 0 1 115 884 0 0 0 0 0 0 3 113 884 0 0 0 0 0 0
3 109 888 0 0 0 0 0 0 21 287 692 0 0 0 0 0 0 2 116 882 0 0 0 0 0 0 5 107 888 0 0 0 0 0 0 6 110 884 0 0 0 0 0 0 4 124 872 0 0 0 0 0 0 7 113 880 0 0 0 0 0 0
3 107 890 0 0 0 0 0 0 26 299 675 0 0 0 0 0 0 2 112 886 0 0 0 0 0 0 3 126 871 0 0 0 0 0 0 2 111 887 0 0 0 0 0 0 2 114 884 0 0 0 0 0 0 4 118 878 0 0 0 0 0 0
4 110 886 0 0 0 0 0 0 37 320 643 0 0 0 0 0 0 4 119 877 0 0 0 0 0 0 2 105 893 0 0 0 0 0 0 8 133 859 0 0 0 0 0 0 2 118 880 0 0 0 0 0 0 4 110 886 0 0 0 0 0 0
1 108 891 0 0 0 0 0 0 32 320 648 0 0 0 0 0 0 2 104 894 0 0 0 0 0 0 2 121 877 0 0 0 0 0 0 4 104 892 0 0 0 0 0 0 5 106 889 0 0 0 0 0 0 1 91 908 0 0 0 0 0 0
10 123 867 0 0 0 0 0 0 37 291 672 0 0 0 0 0 0 2 103 895 0 0 0 0 0 0 9 103 888 0 0 0 0 0 0 1 110 889 0 0 0 0 0 0 6 108 886 0 0 0 0 0 0 5 134 861 0 0 0 0 0 0
2 108 890 0 0 0 0 0 0 30 269 701 0 0 0 0 0 0 4 111 885 0 0 0 0 0 0 6 87 907 0 0 0 0 0 0 3 111 886 0 0 0 0 0 0 4 105 891 0 0 0 0 0 0 2 97 901 0 0 0 0 0 0
2 114 884 0 0 0 0 0 0 42 276 682 0 0 0 0 0 0 4 110 886 0 0 0 0 0 0 5 113 882 0 0 0 0 0 0 2 91 907 0 0 0 0 0 0 2 105 893 0 0 0 0 0 0 2 111 887 0 0 0 0 0 0
2 109 889 0 0 0 0 0 0 33 300 667 0 0 0 0 0 0 4 99 897 0 0 0 0 0 0 6 95 899 0 0 0 0 0 0 3 124 873 0 0 0 0 0 0 3 109 888 0 0 0 0 0 0 2 107 891 0 0 0 0 0 0
0 109 891 0 0 0 0 0 0 33 303 664 0 0 0 0 0 0 0 115 885 0 0 0 0 0 0 1 108 891 0 0 0 0 0 0 1 95 904 0 0 0 0 0 0 3 112 885 0 0 0 0 0 0 2 97 901 0 0 0 0 0 0
2 97 901 0 0 0 0 0 0 28 286 686 0 0 0 0 0 0 4 95 901 0 0 0 0 0 0 2 87 911 0 0 0 0 0 0 2 114 884 0 0 0 0 0 0 4 99 897 0 0 0 0 0 0 2 105 893 0 0 0 0 0 0
3 100 897 0 0 0 0 0 0 30 289 681 0 0 0 0 0 0 2 109 889 0 0 0 0 0 0 2 105 893 0 0 0 0 0 0 1 93 906 0 0 0 0 0 0 1 104 895 0 0 0 0 0 0 1 96 903 0 0 0 0 0 0
3 94 903 0 0 0 0 0 0 27 275 698 0 0 0 0 0 0 2 106 892 0 0 0 0 0 0 4 120 876 0 0 0 0 0 0 5 124 871 0 0 0 0 0 0 8 99 893 0 0 0 0 0 0 4 109 887 0 0 0 0 0 0
5 90 905 0 0 0 0 0 0 25 284 691 0 0 0 0 0 0 4 109 887 0 0 0 0 0 0 2 105 893 0 0 0 0 0 0 2 99 899 0 0 0 0 0 0 2 105 893 0 0 0 0 0 0 1 84 915 0 0 0 0 0 0
2 114 884 0 0 0 0 0 0 39 289 672 0 0 0 0 0 0 4 99 897 0 0 0 0 0 0 1 86 913 0 0 0 0 0 0 2 123 875 0 0 0 0 0 0 3 106 891 0 0 0 0 0 0 4 116 880 0 0 0 0 0 0
4 83 913 0 0 0 0 0 0 38 267 695 0 0 0 0 0 0 5 97 898 0 0 0 0 0 0 5 110 885 0 0 0 0 0 0 4 86 910 0 0 0 0 0 0 5 114 881 0 0 0 0 0 0 1 106 893 0 0 0 0 0 0
4 94 902 0 0 0 0 0 0 31 274 695 0 0 0 0 0 0 0 102 898 0 0 0 0 0 0 3 96 901 0 0 0 0 0 0 4 87 909 0 0 0 0 0 0 9 105 886 0 0 0 0 0 0 1 97 902 0 0 0 0 0 0
2 112 886 0 0 0 0 0 0 28 292 680 0 0 0 0 0 0 3 88 909 0 0 0 0 0 0 1 100 899 0 0 0 0 0 0 1 101 898 0 0 0 0 0 0 3 100 897 0 0 0 0 0 0 4 82 914 0 0 0 0 0 0
4 106 890 0 0 0 0 0 0 28 275 697 0 0 0 0 0 0 4 106 890 0 0 0 0 0 0 2 117 881 0 0 0 0 0 0 2 108 890 0 0 0 0 0 0 4 97 899 0 0 0 0 0 0 1 104 895 0 0 0 0 0 0
0 97 903 0 0 0 0 0 0 35 280 685 0 0 0 0 0 0 2 88 910 0 0 0 0 0 0 1 107 892 0 0 0 0 0 0 2 98 900 0 0 0 0 0 0 1 93 906 0 0 0 0 0 0 4 96 900 0 0 0 0 0 0
5 104 891 0 0 0 0 0 0 31 276 693 0 0 0 0 0 0 2 106 892 0 0 0 0 0 0 2 95 903 0 0 0 0 0 0 2 89 909 0 0 0 0 0 0 2 88 910 0 0 0 0 0 0 1 91 908 0 0 0 0 0 0
0 105 895 0 0 0 0 0 0 26 284 690 0 0 0 0 0 0 4 99 897 0 0 0 0 0 0 4 105 891 0 0 0 0 0 0 3 99 898 0 0 0 0 0 0 7 91 902 0 0 0 0 0 0 2 80 918 0 0 0 0 0 0
3 100 897 0 0 0 0 0 0 18 278 704 0 0 0 0 0 0 4 97 899 0 0 0 0 0 0 1 112 887 0 0 0 0 0 0 1 99 900 0 0 0 0 0 0 3 109 888 0 0 0 0 0 0 4 92 904 0 0 0 0 0 0
5 96 899 0 0 0 0 0 0 29 295 676 0 0 0 0 0 0 2 78 920 0 0 0 0 0 0 3 84 913 0 0 0 0 0 0 1 94 905 0 0 0 0 0 0 1 79 920 0 0 0 0 0 0 0 101 899 0 0 0 0 0 0
2 105 893 0 0 0 0 0 0 28 265 707 0 0 0 0 0 0 0 87 913 0 0 0 0 0 0 3 96 901 0 0 0 0 0 0 1 82 917 0 0 0 0 0 0 1 102 897 0 0 0 0 0 0 0 92 908 0 0 0 0 0 0
1 101 898 0 0 0 0 0 0 33 274 693 0 0 0 0 0 0 5 100 895 0 0 0 0 0 0 0 90 910 0 0 0 0 0 0 1 98 901 0 0 0 0 0 0 5 107 888 0 0 0 0 0 0 1 93 906 0 0 0 0 0 0
4 95 901 0 0 0 0 0 0 21 292 687 0 0 0 0 0 0 1 100 899 0 0 0 0 0 0 1 104 895 0 0 0 0 0 0 2 95 903 0 0 0 0 0 0 1 96 903 0 0 0 0 0 0 2 77 921 0 0 0 0 0 0
3 111 886 0 0 0 0 0 0 35 264 701 0 0 0 0 0 0 1 110 889 0 0 0 0 0 0 2 77 921 0 0 0 0 0 0 3 98 899 0 0 0 0 0 0 1 97 902 0 0 0 0 0 0 7 83 910 0 0 0 0 0 0
2 110 888 0 0 0 0 0 0 29 271 700 0 0 0 0 0 0 2 81 917 0 0 0 0 0 0 4 90 906 0 0 0 0 0 0 1 95 904 0 0 0 0 0 0 2 75 923 0 0 0 0 0 0 1 98 901 0 0 0 0 0 0
1 101 898 0 0 0 0 0 0 21 270 709 0 0 0 0 0 0 2 83 915 0 0 0 0 0 0 2 89 909 0 0 0 0 0 0 1 107 892 0 0 0 0 0 0 3 86 911 0 0 0 0 0 0 2 77 921 0 0 0 0 0 0
2 86 912 0 0 0 0 0 0 23 262 715 0 0 0 0 0 0 2 90 908 0 0 0 0 0 0 8 92 900 0 0 0 0 0 0 2 89 909 0 0 0 0 0 0 4 100 896 0 0 0 0 0 0 3 83 914 0 0 0 0 0 0
1 73 926 0 0 0 0 0 0 23 282 695 0 0 0 0 0 0 3 102 895 0 0 0 0 0 0 3 106 891 0 0 0 0 0 0 2 104 894 0 0 0 0 0 0 1 96 903 0 0 0 0 0 0 2 73 925 0 0 0 0 0 0
4 95 901 0 0 0 0 0 0 31 288 681 0 0 0 0 0 0 1 99 900 0 0 0 0 0 0 3 106 891 0 0 0 0 0 0 3 83 914 0 0 0 0 0 0 3 90 907 0 0 0 0 0 0 3 101 896 0 0 0 0 0 0
2 72 926 0 0 0 0 0 0 18 256 726 0 0 0 0 0 0 5 101 894 0 0 0 0 0 0 6 98 896 0 0 0 0 0 0 3 82 915 0 0 0 0 0 0 1 90 909 0 0 0 0 0 0 3 82 915 0 0 0 0 0 0
3 94 903 0 0 0 0 0 0 35 256 709 0 0 0 0 0 0 1 101 898 0 0 0 0 0 0 6 93 901 0 0 0 0 0 0 1 82 917 0 0 0 0 0 0 2 90 908 0 0 0 0 0 0 3 96 901 0 0 0 0 0 0
1 101 898 0 0 0 0 0 0 27 258 715 0 0 0 0 0 0 1 88 911 0 0 0 0 0 0 3 95 902 0 0 0 0 0 0 3 84 913 0 0 0 0 0 0 2 90 908 0 0 0 0 0 0 2 91 907 0 0 0 0 0 0
1 90 909 0 0 0 0 0 0 25 257 718 0 0 0 0 0 0 4 83 913 0 0 0 0 0 0 3 87 910 0 0 0 0 0 0 1 88 911 0 0 0 0 0 0 3 96 901 0 0 0 0 0 0 1 92 907 0 0 0 0 0 0
1 90 909 0 0 0 0 0 0 24 253 723 0 0 0 0 0 0 3 74 923 0 0 0 0 0 0 0 79 921 0 0 0 0 0 0 3 79 918 0 0 0 0 0 0 4 99 897 0 0 0 0 0 0 1 89 910 0 0 0 0 0 0
5 96 899 0 0 0 0 0 0 23 269 708 0 0 0 0 0 0 4 81 915 0 0 0 0 0 0 1 93 906 0 0 0 0 0 0 1 93 906 0 0 0 0 0 0 3 84 913 0 0 0 0 0 0 2 87 911 0 0 0 0 0 0
2 79 919 0 0 0 0 0 0 17 256 727 0 0 0 0 0 0 3 80 917 0 0 0 0 0 0 3 73 924 0 0 0 0 0 0 1 87 912 0 0 0 0 0 0 0 102 898 0 0 0 0 0 0 3 82 915 0 0 0 0 0 0
1 106 893 0 0 0 0 0 0 38 245 717 0 0 0 0 0 0 1 81 918 0 0 0 0 0 0 0 102 898 0 0 0 0 0 0 1 88 911 0 0 0 0 0 0 3 79 918 0 0 0 0 0 0 1 94 905 0 0 0 0 0 0
3 86 911 0 0 0 0 0 0 22 269 709 0 0 0 0 0 0 1 82 917 0 0 0 0 0 0 0 85 915 0 0 0 0 0 0 1 79 920 0 0 0 0 0 0 2 82 916 0 0 0 0 0 0 3 80 917 0 0 0 0 0 0
3 82 915 0 0 0 0 0 0 22 278 700 0 0 0 0 0 0 0 94 906 0 0 0 0 0 0 1 86 913 0 0 0 0 0 0 4 88 908 0 0 0 0 0 0 1 84 915 0 0 0 0 0 0 1 86 913 0 0 0 0 0 0
0 97 903 0 0 0 0 0 0 22 260 718 0 0 0 0 0 0 3 90 907 0 0 0 0 0 0 3 100 897 0 0 0 0 0 0 4 87 909 0 0 0 0 0 0 1 94 905 0 0 0 0 0 0 0 95 905 0 0 0 0 0 0
2 88 910 0 0 0 0 0 0 19 270 711 0 0 0 0 0 0 2 89 909 0 0 0 0 0 0 1 90 909 0 0 0 0 0 0 2 80 918 0 0 0 0 0 0 4 94 902 0 0 0 0 0 0 1 80 919 0 0 0 0 0 0
4 98 898 0 0 0 0 0 0 26 265 709 0 0 0 0 0 0 1 87 912 0 0 0 0 0 0 3 85 912 0 0 0 0 0 0 1 91 908 0 0 0 0 0 0 1 78 921 0 0 0 0 0 0 4 80 916 0 0 0 0 0 0
2 78 920 0 0 0 0 0 0 23 254 723 0 0 0 0 0 0 1 76 923 0 0 0 0 0 0 2 80 918 0 0 0 0 0 0 3 72 925 0 0 0 0 0 0 5 84 911 0 0 0 0 0 0 1 86 913 0 0 0 0 0 0
2 81 917 0 0 0 0 0 0 20 270 710 0 0 0 0 0 0 2 81 917 0 0 0 0 0 0 3 82 915 0 0 0 0 0 0 1 89 910 0 0 0 0 0 0 2 68 930 0 0 0 0 0 0 3 66 931 0 0 0 0 0 0
3 73 924 0 0 0 0 0 0 22 253 725 0 0 0 0 0 0 1 81 918 0 0 0 0 0 0 2 70 928 0 0 0 0 0 0 2 83 915 0 0 0 0 0 0 2 78 920 0 0 0 0 0 0 0 77 923 0 0 0 0 0 0
0 95 905 0 0 0 0 0 0 24 254 722 0 0 0 0 0 0 0 90 910 0 0 0 0 0 0 2 82 916 0 0 0 0 0 0 1 100 899 0 0 0 0 0 0 3 82 915 0 0 0 0 0 0 2 82 916 0 0 0 0 0 0
1 85 914 0 0 0 0 0 0 26 247 727 0 0 0 0 0 0 1 78 921 0 0 0 0 0 0 3 80 917 0 0 0 0 0 0 2 89 909 0 0 0 0 0 0 2 70 928 0 0 0 0 0 0 1 72 927 0 0 0 0 0 0
4 75 921 0 0 0 0 0 0 18 240 742 0 0 0 0 0 0 4 82 914 0 0 0 0 0 0 1 77 922 0 0 0 0 0 0 2 68 930 0 0 0 0 0 0 3 72 925 0 0 0 0 0 0 0 89 911 0 0 0 0 0 0
3 89 908 0 0 0 0 0 0 20 264 716 0 0 0 0 0 0 3 80 917 0 0 0 0 0 0 2 88 910 0 0 0 0 0 0 0 84 916 0 0 0 0 0 0 3 80 917 0 0 0 0 0 0 4 66 930 0 0 0 0 0 0
0 82 918 0 0 0 0 0 0 20 251 729 0 0 0 0 0 0 3 89 908 0 0 0 0 0 0 1 83 916 0 0 0 0 0 0 1 80 919 0 0 0 0 0 0 3 78 919 0 0 0 0 0 0 3 63 934 0 0 0 0 0 0
3 76 921 0 0 0 0 0 0 18 247 735 0 0 0 0 0 0 0 67 933 0 0 0 0 0 0 2 78 920 0 0 0 0 0 0 2 90 908 0 0 0 0 0 0 1 86 913 0 0 0 0 0 0 3 89 908 0 0 0 0 0 0
4 84 912 0 0 0 0 0 0 19 226 755 0 0 0 0 0 0 5 87 908 0 0 0 0 0 0 3 71 926 0 0 0 0 0 0 3 90 907 0 0 0 0 0 0 0 97 903 0 0 0 0 0 0 3 63 934 0 0 0 0 0 0
1 85 914 0 0 0 0 0 0 24 243 733 0 0 0 0 0 0 2 72 926 0 0 0 0 0 0 1 80 919 0 0 0 0 0 0 0 85 915 0 0 0 0 0 0 1 75 924 0 0 0 0 0 0 2 78 920 0 0 0 0 0 0
1 79 920 0 0 0 0 0 0 31 241 728 0 0 0 0 0 0 0 79 921 0 0 0 0 0 0 1 83 916 0 0 0 0 0 0 2 73 925 0 0 0 0 0 0 2 78 920 0 0 0 0 0 0 0 84 916 0 0 0 0 0 0
1 92 907 0 0 0 0 0 0 21 255 724 0 0 0 0 0 0 0 77 923 0 0 0 0 0 0 0 91 909 0 0 0 0 0 0 2 62 936 0 0 0 0 0 0 1 84 915 0 0 0 0 0 0 2 80 918 0 0 0 0 0 0
2 82 916 0 0 0 0 0 0 19 264 717 0 0 0 0 0 0 1 63 936 0 0 0 0 0 0 3 64 933 0 0 0 0 0 0 0 86 914 0 0 0 0 0 0 3 75 922 0 0 0 0 0 0 3 79 918 0 0 0 0 0 0
2 65 933 0 0 0 0 0 0 24 256 720 0 0 0 0 0 0 0 82 918 0 0 0 0 0 0 3 71 926 0 0 0 0 0 0 2 71 927 0 0 0 0 0 0 0 72 928 0 0 0 0 0 0 1 75 924 0 0 0 0 0 0
1 91 908 0 0 0 0 0 0 17 261 722 0 0 0 0 0 0 4 81 915 0 0 0 0 0 0 2 84 914 0 0 0 0 0 0 0 74 926 0 0 0 0 0 0 4 79 917 0 0 0 0 0 0 0 67 933 0 0 0 0 0 0
1 80 919 0 0 0 0 0 0 13 261 726 0 0 0 0 0 0 2 58 940 0 0 0 0 0 0 0 85 915 0 0 0 0 0 0 0 84 916 0 0 0 0 0 0 1 73 926 0 0 0 0 0 0 2 70 928 0 0 0 0 0 0
3 71 926 0 0 0 0 0 0 26 266 708 0 0 0 0 0 0 0 64 936 0 0 0 0 0 0 2 56 942 0 0 0 0 0 0 0 72 928 0 0 0 0 0 0 1 69 930 0 0 0 0 0 0 0 94 906 0 0 0 0 0 0
1 81 918 0 0 0 0 0 0 20 258 722 0 0 0 0 0 0 0 81 919 0 0 0 0 0 0 0 81 919 0 0 0 0 0 0 2 54 944 0 0 0 0 0 0 5 59 936 0 0 0 0 0 0 0 60 940 0 0 0 0 0 0
0 57 943 0 0 0 0 0 0 17 278 705 0 0 0 0 0 0 1 56 943 0 0 0 0 0 0 1 81 918 0 0 0 0 0 0 4 78 918 0 0 0 0 0 0 0 70 930 0 0 0 0 0 0 1 75 924 0 0 0 0 0 0
0 70 930 0 0 0 0 0 0 22 237 741 0 0 0 0 0 0 1 67 932 0 0 0 0 0 0 1 65 934 0 0 0 0 0 0 0 92 908 0 0 0 0 0 0 1 76 923 0 0 0 0 0 0 3 61 936 0 0 0 0 0 0
2 93 905 0 0 0 0 0 0 21 266 713 0 0 0 0 0 0 1 81 918 0 0 0 0 0 0 4 75 921 0 0 0 0 0 0 6 81 913 0 0 0 0 0 0 2 69 929 0 0 0 0 0 0 0 70 930 0 0 0 0 0 0
2 62 936 0 0 0 0 0 0 21 245 734 0 0 0 0 0 0 0 67 933 0 0 0 0 0 0 4 61 935 0 0 0 0 0 0 1 73 926 0 0 0 0 0 0 0 77 923 0 0 0 0 0 0 1 95 904 0 0 0 0 0 0
3 76 921 0 0 0 0 0 0 24 226 750 0 0 0 0 0 0 4 78 918 0 0 0 0 0 0 2 70 928 0 0 0 0 0 0 0 70 930 0 0 0 0 0 0 0 69 931 0 0 0 0 0 0 2 77 921 0 0 0 0 0 0
1 69 930 0 0 0 0 0 0 24 250 726 0 0 0 0 0 0 6 78 916 0 0 0 0 0 0 3 76 921 0 0 0 0 0 0 1 62 937 0 0 0 0 0 0 2 71 927 0 0 0 0 0 0 2 72 926 0 0 0 0 0 0
0 68 932 0 0 0 0 0 0 26 236 738 0 0 0 0 0 0 1 75 924 0 0 0 0 0 0 1 73 926 0 0 0 0 0 0 2 74 924 0 0 0 0 0 0 1 65 934 0 0 0 0 0 0 3 78 919 0 0 0 0 0 0
0 70 930 0 0 0 0 0 0 21 249 730 0 0 0 0 0 0 1 71 928 0 0 0 0 0 0 0 79 921 0 0 0 0 0 0 2 73 925 0 0 0 0 0 0 1 80 919 0 0 0 0 0 0 1 67 932 0 0 0 0 0 0
3 73 924 0 0 0 0 0 0 17 246 737 0 0 0 0 0 0 0 61 939 0 0 0 0 0 0 0 81 919 0 0 0 0 0 0 0 72 928 0 0 0 0 0 0 3 68 929 0 0 0 0 0 0 1 62 937 0 0 0 0 0 0
1 67 932 0 0 0 0 0 0 18 219 763 0 0 0 0 0 0 2 64 934 0 0 0 0 0 0 3 82 915 0 0 0 0 0 0 0 62 938 0 0 0 0 0 0 2 79 919 0 0 0 0 0 0 2 79 919 0 0 0 0 0 0
1 69 930 0 0 0 0 0 0 22 238 740 0 0 0 0 0 0 0 73 927 0 0 0 0 0 0 0 75 925 0 0 0 0 0 0 0 64 936 0 0 0 0 0 0 0 74 926 0 0 0 0 0 0 0 83 917 0 0 0 0 0 0
1 73 926 0 0 0 0 0 0 20 235 745 0 0 0 0 0 0 1 56 943 0 0 0 0 0 0 4 85 911 0 0 0 0 0 0 2 48 950 0 0 0 0 0 0 3 80 917 0 0 0 0 0 0 1 63 936 0 0 0 0 0 0
1 64 935 0 0 0 0 0 0 23 243 734 0 0 0 0 0 0 1 58 941 0 0 0 0 0 0 0 83 917 0 0 0 0 0 0 1 66 933 0 0 0 0 0 0 0 56 944 0 0 0 0 0 0 1 72 927 0 0 0 0 0 0
2 72 926 0 0 0 0 0 0 30 236 734 0 0 0 0 0 0 2 66 932 0 0 0 0 0 0 2 68 930 0 0 0 0 0 0 2 69 929 0 0 0 0 0 0 2 72 926 0 0 0 0 0 0 0 71 929 0 0 0 0 0 0
4 72 924 0 0 0 0 0 0 22 239 739 0 0 0 0 0 0 1 72 927 0 0 0 0 0 0 0 75 925 0 0 0 0 0 0 0 72 928 0 0 0 0 0 0 2 73 925 0 0 0 0 0 0 0 55 945 0 0 0 0 0 0
1 76 923 0 0 0 0 0 0 22 234 744 0 0 0 0 0 0 0 72 928 0 0 0 0 0 0 1 81 918 0 0 0 0 0 0 1 61 938 0 0 0 0 0 0 0 69 931 0 0 0 0 0 0 4 61 935 0 0 0 0 0 0
2 72 926 0 0 0 0 0 0 21 210 769 0 0 0 0 0 0 1 58 941 0 0 0 0 0 0 0 62 938 0 0 0 0 0 0 1 55 944 0 0 0 0 0 0 2 68 930 0 0 0 0 0 0 2 68 930 0 0 0 0 0 0
1 60 939 0 0 0 0 0 0 20 242 738 0 0 0 0 0 0 3 56 941 0 0 0 0 0 0 0 75 925 0 0 0 0 0 0 2 75 923 0 0 0 0 0 0 0 54 946 0 0 0 0 0 0 0 69 931 0 0 0 0 0 0
0 62 938 0 0 0 0 0 0 16 251 733 0 0 0 0 0 0 1 72 927 0 0 0 0 0 0 1 58 941 0 0 0 0 0 0 0 59 941 0 0 0 0 0 0 0 61 939 0 0 0 0 0 0 0 68 932 0 0 0 0 0 0
1 73 926 0 0 0 0 0 0 14 252 734 0 0 0 0 0 0 0 75 925 0 0 0 0 0 0 0 82 918 0 0 0 0 0 0 3 61 936 0 0 0 0 0 0 1 76 923 0 0 0 0 0 0 3 63 934 0 0 0 0 0 0
1 64 935 0 0 0 0 0 0 15 218 767 0 0 0 0 0 0 1 77 922 0 0 0 0 0 0 0 68 932 0 0 0 0 0 0 2 60 938 0 0 0 0 0 0 2 66 932 0 0 0 0 0 0 1 76 923 0 0 0 0 0 0
1 55 944 0 0 0 0 0 0 17 247 736 0 0 0 0 0 0 0 61 939 0 0 0 0 0 0 1 62 937 0 0 0 0 0 0 1 73 926 0 0 0 0 0 0 0 61 939 0 0 0 0 0 0 0 54 946 0 0 0 0 0 0
1 60 939 0 0 0 0 0 0 16 227 757 0 0 0 0 0 0 0 62 938 0 0 0 0 0 0 2 84 914 0 0 0 0 0 0 1 66 933 0 0 0 0 0 0 0 70 930 0 0 0 0 0 0 0 67 933 0 0 0 0 0 0
0 53 947 0 0 0 0 0 0 13 235 752 0 0 0 0 0 0 1 60 939 0 0 0 0 0 0 1 64 935 0 0 0 0 0 0 0 75 925 0 0 0 0 0 0 1 66 933 0 0 0 0 0 0 0 72 928 0 0 0 0 0 0
0 81 919 0 0 0 0 0 0 15 212 773 0 0 0 0 0 0 3 69 928 0 0 0 0 0 0 1 72 927 0 0 0 0 0 0 0 72 928 0 0 0 0 0 0 0 56 944 0 0 0 0 0 0 1 69 930 0 0 0 0 0 0
0 65 935 0 0 0 0 0 0 17 241 742 0 0 0 0 0 0 1 64 935 0 0 0 0 0 0 0 69 931 0 0 0 0 0 0 3 54 943 0 0 0 0 0 0 0 66 934 0 0 0 0 0 0 2 57 941 0 0 0 0 0 0
1 71 928 0 0 0 0 0 0 14 233 753 0 0 0 0 0 0 2 66 932 0 0 0 0 0 0 1 60 939 0 0 0 0 0 0 3 68 929 0 0 0 0 0 0 0 64 936 0 0 0 0 0 0 0 55 945 0 0 0 0 0 0
3 71 926 0 0 0 0 0 0 16 249 735 0 0 0 0 0 0 0 63 937 0 0 0 0 0 0 0 70 930 0 0 0 0 0 0 3 58 939 0 0 0 0 0 0 0 63 937 0 0 0 0 0 0 1 71 928 0 0 0 0 0 0
1 52 947 0 0 0 0 0 0 17 239 744 0 0 0 0 0 0 0 61 939 0 0 0 0 0 0 2 51 947 0 0 0 0 0 0 2 75 923 0 0 0 0 0 0 2 78 920 0 0 0 0 0 0 1 44 955 0 0 0 0 0 0
0 61 939 0 0 0 0 0 0 12 248 740 0 0 0 0 0 0 2 65 933 0 0 0 0 0 0 0 63 937 0 0 0 0 0 0 0 72 928 0 0 0 0 0 0 2 73 925 0 0 0 0 0 0 1 71 928 0 0 0 0 0 0
0 75 925 0 0 0 0 0 0 15 237 748 0 0 0 0 0 0 0 55 945 0 0 0 0 0 0 0 67 933 0 0 0 0 0 0 0 66 934 0 0 0 0 0 0 0 51 949 0 0 0 0 0 0 1 44 955 0 0 0 0 0 0
1 68 931 0 0 0 0 0 0 14 212 774 0 0 0 0 0 0 0 57 943 0 0 0 0 0 0 2 53 945 0 0 0 0 0 0 1 52 947 0 0 0 0 0 0 0 69 931 0 0 0 0 0 0 1 57 942 0 0 0 0 0 0
0 58 942 0 0 0 0 0 0 13 217 770 0 0 0 0 0 0 1 65 934 0 0 0 0 0 0 1 62 937 0 0 0 0 0 0 2 66 932 0 0 0 0 0 0 1 64 935 0 0 0 0 0 0 0 70 930 0 0 0 0 0 0
2 49 949 0 0 0 0 0 0 20 232 748 0 0 0 0 0 0 0 60 940 0 0 0 0 0 0 1 70 929 0 0 0 0 0 0 1 56 943 0 0 0 0 0 0 1 51 948 0 0 0 0 0 0 1 63 936 0 0 0 0 0 0
2 56 942 0 0 0 0 0 0 15 216 769 0 0 0 0 0 0 0 71 929 0 0 0 0 0 0 0 64 936 0 0 0 0 0 0 1 62 937 0 0 0 0 0 0 2 71 927 0 0 0 0 0 0 3 50 947 0 0 0 0 0 0
1 63 936 0 0 0 0 0 0 24 236 740 0 0 0 0 0 0 1 52 947 0 0 0 0 0 0 0 50 950 0 0 0 0 0 0 1 60 939 0 0 0 0 0 0 1 70 929 0 0 0 0 0 0 0 59 941 0 0 0 0 0 0
2 76 922 0 0 0 0 0 0 22 217 761 0 0 0 0 0 0 0 52 948 0 0 0 0 0 0 4 65 931 0 0 0 0 0 0 2 58 940 0 0 0 0 0 0 0 70 930 0 0 0 0 0 0 0 42 958 0 0 0 0 0 0
1 51 948 0 0 0 0 0 0 14 222 764 0 0 0 0 0 0 0 60 940 0 0 0 0 0 0 1 67 932 0 0 0 0 0 0 2 62 936 0 0 0 0 0 0 1 77 922 0 0 0 0 0 0 1 49 950 0 0 0 0 0 0
1 61 938 0 0 0 0 0 0 17 230 753 0 0 0 0 0 0 1 70 929 0 0 0 0 0 0 2 53 945 0 0 0 0 0 0 0 65 935 0 0 0 0 0 0 0 54 946 0 0 0 0 0 0 0 52 948 0 0 0 0 0 0
1 68 931 0 0 0 0 0 0 19 223 758 0 0 0 0 0 0 2 69 929 0 0 0 0 0 0 2 54 944 0 0 0 0 0 0 0 43 957 0 0 0 0 0 0 0 57 943 0 0 0 0 0 0 1 62 937 0 0 0 0 0 0
1 54 945 0 0 0 0 0 0 8 234 758 0 0 0 0 0 0 2 68 930 0 0 0 0 0 0 1 60 939 0 0 0 0 0 0 2 57 941 0 0 0 0 0 0 2 63 935 0 0 0 0 0 0 1 60 939 0 0 0 0 0 0
0 60 940 0 0 0 0 0 0 21 236 743 0 0 0 0 0 0 1 62 937 0 0 0 0 0 0 1 61 938 0 0 0 0 0 0 1 55 944 0 0 0 0 0 0 0 66 934 0 0 0 0 0 0 0 68 932 0 0 0 0 0 0
0 59 941 0 0 0 0 0 0 23 220 757 0 0 0 0 0 0 1 50 949 0 0 0 0 0 0 2 53 945 0 0 0 0 0 0 1 48 951 0 0 0 0 0 0 3 60 937 0 0 0 0 0 0 1 62 937 0 0 0 0 0 0
1 50 949 0 0 0 0 0 0 17 207 776 0 0 0 0 0 0 1 56 943 0 0 0 0 0 0 1 51 948 0 0 0 0 0 0 0 48 952 0 0 0 0 0 0 2 49 949 0 0 0 0 0 0 1 56 943 0 0 0 0 0 0
0 53 947 0 0 0 0 0 0 20 201 779 0 0 0 0 0 0 0 64 936 0 0 0 0 0 0 1 60 939 0 0 0 0 0 0 1 51 948 0 0 0 0 0 0 0 52 948 0 0 0 0 0 0 0 71 929 0 0 0 0 0 0
1 59 940 0 0 0 0 0 0 15 233 752 0 0 0 0 0 0 0 54 946 0 0 0 0 0 0 1 44 955 0 0 0 0 0 0 1 42 957 0 0 0 0 0 0 2 53 945 0 0 0 0 0 0 0 48 952 0 0 0 0 0 0
1 68 931 0 0 0 0 0 0 18 195 787 0 0 0 0 0 0 0 62 938 0 0 0 0 0 0 2 54 944 0 0 0 0 0 0 0 54 946 0 0 0 0 0 0 2 61 937 0 0 0 0 0 0 1 59 940 0 0 0 0 0 0
0 60 940 0 0 0 0 0 0 17 200 783 0 0 0 0 0 0 0 76 924 0 0 0 0 0 0 0 68 932 0 0 0 0 0 0 0 53 947 0 0 0 0 0 0 1 63 936 0 0 0 0 0 0 1 55 944 0 0 0 0 0 0
2 51 947 0 0 0 0 0 0 11 192 797 0 0 0 0 0 0 0 56 944 0 0 0 0 0 0 1 54 945 0 0 0 0 0 0 0 57 943 0 0 0 0 0 0 1 55 944 0 0 0 0 0 0 1 69 930 0 0 0 0 0 0
0 55 945 0 0 0 0 0 0 15 206 779 0 0 0 0 0 0 0 66 934 0 0 0 0 0 0 0 58 942 0 0 0 0 0 0 1 60 939 0 0 0 0 0 0 1 52 947 0 0 0 0 0 0 0 62 938 0 0 0 0 0 0
0 57 943 0 0 0 0 0 0 10 215 775 0 0 0 0 0 0 1 55 944 0 0 0 0 0 0 2 48 950 0 0 0 0 0 0 0 58 942 0 0 0 0 0 0 1 58 941 0 0 0 0 0 0 0 54 946 0 0 0 0 0 0
1 48 951 0 0 0 0 0 0 18 217 765 0 0 0 0 0 0 1 80 919 0 0 0 0 0 0 1 52 947 0 0 0 0 0 0 1 59 940 0 0 0 0 0 0 0 68 932 0 0 0 0 0 0 0 53 947 0 0 0 0 0 0
0 61 939 0 0 0 0 0 0 16 204 780 0 0 0 0 0 0 1 42 957 0 0 0 0 0 0 1 42 957 0 0 0 0 0 0 1 61 938 0 0 0 0 0 0 0 64 936 0 0 0 0 0 0 0 54 946 0 0 0 0 0 0
0 43 957 0 0 0 0 0 0 12 206 782 0 0 0 0 0 0 0 59 941 0 0 0 0 0 0 1 64 935 0 0 0 0 0 0 0 58 942 0 0 0 0 0 0 0 49 951 0 0 0 0 0 0 1 41 958 0 0 0 0 0 0
0 49 951 0 0 0 0 0 0 14 230 756 0 0 0 0 0 0 1 61 938 0 0 0 0 0 0 0 52 948 0 0 0 0 0 0 0 60 940 0 0 0 0 0 0 0 61 939 0 0 0 0 0 0 0 51 949 0 0 0 0 0 0
2 61 937 0 0 0 0 0 0 12 222 766 0 0 0 0 0 0 2 50 948 0 0 0 0 0 0 3 59 938 0 0 0 0 0 0 1 47 952 0 0 0 0 0 0 0 51 949 0 0 0 0 0 0 2 44 954 0 0 0 0 0 0
0 55 945 0 0 0 0 0 0 9 218 773 0 0 0 0 0 0 0 58 942 0 0 0 0 0 0 0 56 944 0 0 0 0 0 0 1 58 941 0 0 0 0 0 0 2 62 936 0 0 0 0 0 0 1 63 936 0 0 0 0 0 0
2 53 945 0 0 0 0 0 0 20 205 775 0 0 0 0 0 0 1 61 938 0 0 0 0 0 0 0 63 937 0 0 0 0 0 0 0 42 958 0 0 0 0 0 0 1 51 948 0 0 0 0 0 0 1 72 927 0 0 0 0 0 0
1 52 947 0 0 0 0 0 0 10 199 791 0 0 0 0 0 0 1 65 934 0 0 0 0 0 0 1 52 947 0 0 0 0 0 0 1 45 954 0 0 0 0 0 0 2 58 940 0 0 0 0 0 0 1 44 955 0 0 0 0 0 0
1 55 944 0 0 0 0 0 0 10 199 791 0 0 0 0 0 0 3 58 939 0 0 0 0 0 0 0 40 960 0 0 0 0 0 0 1 49 950 0 0 0 0 0 0 0 45 955 0 0 0 0 0 0 0 50 950 0 0 0 0 0 0
1 59 940 0 0 0 0 0 0 17 202 781 0 0 0 0 0 0 0 53 947 0 0 0 0 0 0 0 44 956 0 0 0 0 0 0 2 44 954 0 0 0 0 0 0 0 48 952 0 0 0 0 0 0 1 46 953 0 0 0 0 0 0
1 58 941 0 0 0 0 0 0 12 204 784 0 0 0 0 0 0 0 66 934 0 0 0 0 0 0 2 55 943 0 0 0 0 0 0 1 56 943 0 0 0 0 0 0 0 54 946 0 0 0 0 0 0 1 53 946 0 0 0 0 0 0
3 40 957 0 0 0 0 0 0 14 200 786 0 0 0 0 0 0 0 45 955 0 0 0 0 0 0 1 51 948 0 0 0 0 0 0 1 66 933 0 0 0 0 0 0 0 48 952 0 0 0 0 0 0 1 53 946 0 0 0 0 0 0
2 46 952 0 0 0 0 0 0 10 193 797 0 0 0 0 0 0 2 41 957 0 0 0 0 0 0 1 53 946 0 0 0 0 0 0 0 44 956 0 0 0 0 0 0 1 52 947 0 0 0 0 0 0 0 51 949 0 0 0 0 0 0
0 38 962 0 0 0 0 0 0 13 200 787 0 0 0 0 0 0 3 39 958 0 0 0 0 0 0 0 47 953 0 0 0 0 0 0 1 54 945 0 0 0 0 0 0 0 44 956 0 0 0 0 0 0 1 43 956 0 0 0 0 0 0
1 51 948 0 0 0 0 0 0 6 238 756 0 0 0 0 0 0 1 61 938 0 0 0 0 0 0 1 56 943 0 0 0 0 0 0 3 48 949 0 0 0 0 0 0 0 52 948 0 0 0 0 0 0 0 48 952 0 0 0 0 0 0
0 67 933 0 0 0 0 0 0 16 176 808 0 0 0 0 0 0 0 44 956 0 0 0 0 0 0 0 45 955 0 0 0 0 0 0 2 46 952 0 0 0 0 0 0 1 43 956 0 0 0 0 0 0 0 51 949 0 0 0 0 0 0
1 52 947 0 0 0 0 0 0 14 198 788 0 0 0 0 0 0 1 56 943 0 0 0 0 0 0 0 59 941 0 0 0 0 0 0 2 52 946 0 0 0 0 0 0 3 47 950 0 0 0 0 0 0 0 59 941 0 0 0 0 0 0
0 50 950 0 0 0 0 0 0 15 196 789 0 0 0 0 0 0 0 59 941 0 0 0 0 0 0 1 48 951 0 0 0 0 0 0 0 48 952 0 0 0 0 0 0 0 63 937 0 0 0 0 0 0 1 57 942 0 0 0 0 0 0
1 53 946 0 0 0 0 0 0 13 178 809 0 0 0 0 0 0 1 50 949 0 0 0 0 0 0 0 53 947 0 0 0 0 0 0 0 42 958 0 0 0 0 0 0 1 52 947 0 0 0 0 0 0 0 47 953 0 0 0 0 0 0
1 50 949 0 0 0 0 0 0 13 202 785 0 0 0 0 0 0 0 51 949 0 0 0 0 0 0 2 57 941 0 0 0 0 0 0 1 50 949 0 0 0 0 0 0 3 81 916 0 0 0 0 0 0 1 46 953 0 0 0 0 0 0
0 45 955 0 0 0 0 0 0 10 202 788 0 0 0 0 0 0 1 54 945 0 0 0 0 0 0 0 46 954 0 0 0 0 0 0 2 50 948 0 0 0 0 0 0 1 46 953 0 0 0 0 0 0 1 45 954 0 0 0 0 0 0
0 55 945 0 0 0 0 0 0 17 185 798 0 0 0 0 0 0 0 50 950 0 0 0 0 0 0 0 43 957 0 0 0 0 0 0 0 38 962 0 0 0 0 0 0 1 50 949 0 0 0 0 0 0 1 47 952 0 0 0 0 0 0
1 47 952 0 0 0 0 0 0 16 167 817 0 0 0 0 0 0 0 38 962 0 0 0 0 0 0 0 45 955 0 0 0 0 0 0 0 45 955 0 0 0 0 0 0 0 48 952 0 0 0 0 0 0 0 38 962 0 0 0 0 0 0
0 51 949 0 0 0 0 0 0 9 171 820 0 0 0 0 0 0 1 47 952 0 0 0 0 0 0 0 50 950 0 0 0 0 0 0 0 51 949 0 0 0 0 0 0 0 49 951 0 0 0 0 0 0 1 48 951 0 0 0 0 0 0
0 45 955 0 0 0 0 0 0 9 193 798 0 0 0 0 0 0 1 53 946 0 0 0 0 0 0 0 43 957 0 0 0 0 0 0 0 31 969 0 0 0 0 0 0 1 48 951 0 0 0 0 0 0 0 36 964 0 0 0 0 0 0
